rho_max =2
rho_min =0
n =280
   1.7448e+01
   3.7071e+01
   5.6890e+01
   7.7256e+01
   9.9764e+01
   1.2639e+02
   1.5798e+02
   1.9463e+02
   2.3630e+02
   2.8296e+02
   3.3456e+02
   3.9109e+02
   4.5253e+02
   5.1887e+02
   5.9010e+02
   6.6619e+02
   7.4715e+02
   8.3296e+02
   9.2360e+02
   1.0191e+03
   1.1194e+03
   1.2244e+03
   1.3343e+03
   1.4490e+03
   1.5684e+03
   1.6925e+03
   1.8214e+03
   1.9550e+03
   2.0933e+03
   2.2362e+03
   2.3839e+03
   2.5361e+03
   2.6930e+03
   2.8545e+03
   3.0206e+03
   3.1912e+03
   3.3664e+03
   3.5461e+03
   3.7302e+03
   3.9189e+03
   4.1120e+03
   4.3095e+03
   4.5115e+03
   4.7178e+03
   4.9284e+03
   5.1434e+03
   5.3627e+03
   5.5862e+03
   5.8140e+03
   6.0460e+03
   6.2822e+03
   6.5226e+03
   6.7670e+03
   7.0156e+03
   7.2682e+03
   7.5248e+03
   7.7855e+03
   8.0501e+03
   8.3186e+03
   8.5911e+03
   8.8674e+03
   9.1475e+03
   9.4315e+03
   9.7192e+03
   1.0011e+04
   1.0306e+04
   1.0604e+04
   1.0907e+04
   1.1213e+04
   1.1522e+04
   1.1835e+04
   1.2152e+04
   1.2472e+04
   1.2795e+04
   1.3121e+04
   1.3451e+04
   1.3784e+04
   1.4121e+04
   1.4460e+04
   1.4803e+04
   1.5149e+04
   1.5498e+04
   1.5849e+04
   1.6204e+04
   1.6562e+04
   1.6922e+04
   1.7286e+04
   1.7652e+04
   1.8021e+04
   1.8392e+04
   1.8767e+04
   1.9143e+04
   1.9523e+04
   1.9905e+04
   2.0289e+04
   2.0676e+04
   2.1065e+04
   2.1456e+04
   2.1850e+04
   2.2245e+04
   2.2643e+04
   2.3043e+04
   2.3446e+04
   2.3850e+04
   2.4256e+04
   2.4664e+04
   2.5074e+04
   2.5486e+04
   2.5899e+04
   2.6314e+04
   2.6731e+04
   2.7149e+04
   2.7569e+04
   2.7991e+04
   2.8414e+04
   2.8838e+04
   2.9263e+04
   2.9690e+04
   3.0118e+04
   3.0548e+04
   3.0978e+04
   3.1410e+04
   3.1842e+04
   3.2276e+04
   3.2710e+04
   3.3145e+04
   3.3581e+04
   3.4018e+04
   3.4455e+04
   3.4893e+04
   3.5332e+04
   3.5771e+04
   3.6211e+04
   3.6651e+04
   3.7091e+04
   3.7532e+04
   3.7973e+04
   3.8414e+04
   3.8855e+04
   3.9297e+04
   3.9738e+04
   4.0179e+04
   4.0621e+04
   4.1062e+04
   4.1503e+04
   4.1943e+04
   4.2384e+04
   4.2824e+04
   4.3263e+04
   4.3703e+04
   4.4141e+04
   4.4579e+04
   4.5017e+04
   4.5453e+04
   4.5889e+04
   4.6325e+04
   4.6759e+04
   4.7192e+04
   4.7625e+04
   4.8056e+04
   4.8487e+04
   4.8916e+04
   4.9344e+04
   4.9771e+04
   5.0197e+04
   5.0621e+04
   5.1044e+04
   5.1465e+04
   5.1885e+04
   5.2304e+04
   5.2720e+04
   5.3136e+04
   5.3549e+04
   5.3961e+04
   5.4371e+04
   5.4779e+04
   5.5185e+04
   5.5589e+04
   5.5991e+04
   5.6391e+04
   5.6789e+04
   5.7185e+04
   5.7579e+04
   5.7970e+04
   5.8359e+04
   5.8746e+04
   5.9130e+04
   5.9512e+04
   5.9891e+04
   6.0268e+04
   6.0642e+04
   6.1014e+04
   6.1383e+04
   6.1749e+04
   6.2112e+04
   6.2473e+04
   6.2830e+04
   6.3185e+04
   6.3537e+04
   6.3886e+04
   6.4231e+04
   6.4574e+04
   6.4913e+04
   6.5250e+04
   6.5583e+04
   6.5913e+04
   6.6239e+04
   6.6563e+04
   6.6883e+04
   6.7199e+04
   6.7512e+04
   6.7821e+04
   6.8127e+04
   6.8430e+04
   6.8728e+04
   6.9024e+04
   6.9315e+04
   6.9603e+04
   6.9887e+04
   7.0167e+04
   7.0443e+04
   7.0715e+04
   7.0984e+04
   7.1249e+04
   7.1509e+04
   7.1766e+04
   7.2018e+04
   7.2267e+04
   7.2511e+04
   7.2752e+04
   7.2988e+04
   7.3220e+04
   7.3448e+04
   7.3671e+04
   7.3890e+04
   7.4105e+04
   7.4316e+04
   7.4522e+04
   7.4724e+04
   7.4922e+04
   7.5115e+04
   7.5303e+04
   7.5488e+04
   7.5667e+04
   7.5842e+04
   7.6013e+04
   7.6179e+04
   7.6341e+04
   7.6497e+04
   7.6650e+04
   7.6797e+04
   7.6940e+04
   7.7078e+04
   7.7212e+04
   7.7341e+04
   7.7465e+04
   7.7584e+04
   7.7699e+04
   7.7809e+04
   7.7914e+04
   7.8014e+04
   7.8109e+04
   7.8200e+04
   7.8286e+04
   7.8367e+04
   7.8443e+04
   7.8514e+04
   7.8580e+04
   7.8641e+04
   7.8698e+04
   7.8749e+04
   7.8796e+04
   7.8837e+04
   7.8874e+04
   7.8905e+04
   7.8932e+04
   7.8952e+04
   7.8967e+04
   7.8986e+04
   7.9015e+04
  -2.5405e-03
  -5.0967e-03
  -7.6667e-03
  -1.0248e-02
  -1.2839e-02
  -1.5436e-02
  -1.8038e-02
  -2.0643e-02
  -2.3248e-02
  -2.5850e-02
  -2.8449e-02
  -3.1041e-02
  -3.3624e-02
  -3.6196e-02
  -3.8756e-02
  -4.1300e-02
  -4.3826e-02
  -4.6333e-02
  -4.8818e-02
  -5.1279e-02
  -5.3715e-02
  -5.6123e-02
  -5.8501e-02
  -6.0848e-02
  -6.3161e-02
  -6.5439e-02
  -6.7679e-02
  -6.9881e-02
  -7.2043e-02
  -7.4162e-02
  -7.6237e-02
  -7.8268e-02
  -8.0252e-02
  -8.2187e-02
  -8.4074e-02
  -8.5910e-02
  -8.7694e-02
  -8.9425e-02
  -9.1102e-02
  -9.2724e-02
  -9.4290e-02
  -9.5799e-02
  -9.7251e-02
  -9.8644e-02
  -9.9979e-02
  -1.0125e-01
  -1.0247e-01
  -1.0362e-01
  -1.0472e-01
  -1.0575e-01
  -1.0672e-01
  -1.0763e-01
  -1.0847e-01
  -1.0926e-01
  -1.0998e-01
  -1.1065e-01
  -1.1125e-01
  -1.1179e-01
  -1.1226e-01
  -1.1268e-01
  -1.1304e-01
  -1.1334e-01
  -1.1358e-01
  -1.1376e-01
  -1.1388e-01
  -1.1394e-01
  -1.1395e-01
  -1.1390e-01
  -1.1380e-01
  -1.1364e-01
  -1.1343e-01
  -1.1317e-01
  -1.1286e-01
  -1.1250e-01
  -1.1208e-01
  -1.1162e-01
  -1.1112e-01
  -1.1056e-01
  -1.0996e-01
  -1.0932e-01
  -1.0864e-01
  -1.0792e-01
  -1.0715e-01
  -1.0635e-01
  -1.0552e-01
  -1.0464e-01
  -1.0373e-01
  -1.0279e-01
  -1.0182e-01
  -1.0082e-01
  -9.9788e-02
  -9.8730e-02
  -9.7646e-02
  -9.6537e-02
  -9.5404e-02
  -9.4250e-02
  -9.3075e-02
  -9.1881e-02
  -9.0669e-02
  -8.9441e-02
  -8.8197e-02
  -8.6939e-02
  -8.5668e-02
  -8.4386e-02
  -8.3093e-02
  -8.1792e-02
  -8.0483e-02
  -7.9167e-02
  -7.7845e-02
  -7.6519e-02
  -7.5190e-02
  -7.3859e-02
  -7.2526e-02
  -7.1193e-02
  -6.9862e-02
  -6.8532e-02
  -6.7205e-02
  -6.5881e-02
  -6.4562e-02
  -6.3249e-02
  -6.1942e-02
  -6.0642e-02
  -5.9350e-02
  -5.8066e-02
  -5.6792e-02
  -5.5527e-02
  -5.4274e-02
  -5.3031e-02
  -5.1800e-02
  -5.0582e-02
  -4.9377e-02
  -4.8185e-02
  -4.7006e-02
  -4.5843e-02
  -4.4693e-02
  -4.3559e-02
  -4.2441e-02
  -4.1338e-02
  -4.0252e-02
  -3.9181e-02
  -3.8128e-02
  -3.7091e-02
  -3.6071e-02
  -3.5069e-02
  -3.4084e-02
  -3.3116e-02
  -3.2166e-02
  -3.1234e-02
  -3.0319e-02
  -2.9423e-02
  -2.8544e-02
  -2.7683e-02
  -2.6840e-02
  -2.6015e-02
  -2.5208e-02
  -2.4418e-02
  -2.3646e-02
  -2.2891e-02
  -2.2154e-02
  -2.1435e-02
  -2.0732e-02
  -2.0047e-02
  -1.9379e-02
  -1.8727e-02
  -1.8092e-02
  -1.7473e-02
  -1.6870e-02
  -1.6284e-02
  -1.5713e-02
  -1.5158e-02
  -1.4618e-02
  -1.4093e-02
  -1.3584e-02
  -1.3088e-02
  -1.2607e-02
  -1.2141e-02
  -1.1688e-02
  -1.1249e-02
  -1.0823e-02
  -1.0410e-02
  -1.0010e-02
  -9.6231e-03
  -9.2481e-03
  -8.8852e-03
  -8.5341e-03
  -8.1945e-03
  -7.8662e-03
  -7.5489e-03
  -7.2423e-03
  -6.9462e-03
  -6.6602e-03
  -6.3843e-03
  -6.1180e-03
  -5.8611e-03
  -5.6135e-03
  -5.3748e-03
  -5.1447e-03
  -4.9232e-03
  -4.7098e-03
  -4.5044e-03
  -4.3067e-03
  -4.1166e-03
  -3.9337e-03
  -3.7579e-03
  -3.5889e-03
  -3.4266e-03
  -3.2707e-03
  -3.1210e-03
  -2.9773e-03
  -2.8394e-03
  -2.7071e-03
  -2.5803e-03
  -2.4587e-03
  -2.3422e-03
  -2.2305e-03
  -2.1236e-03
  -2.0213e-03
  -1.9233e-03
  -1.8295e-03
  -1.7399e-03
  -1.6541e-03
  -1.5721e-03
  -1.4938e-03
  -1.4189e-03
  -1.3474e-03
  -1.2791e-03
  -1.2139e-03
  -1.1517e-03
  -1.0924e-03
  -1.0358e-03
  -9.8186e-04
  -9.3042e-04
  -8.8140e-04
  -8.3470e-04
  -7.9022e-04
  -7.4787e-04
  -7.0755e-04
  -6.6917e-04
  -6.3266e-04
  -5.9792e-04
  -5.6488e-04
  -5.3346e-04
  -5.0360e-04
  -4.7520e-04
  -4.4822e-04
  -4.2258e-04
  -3.9823e-04
  -3.7508e-04
  -3.5310e-04
  -3.3222e-04
  -3.1239e-04
  -2.9356e-04
  -2.7566e-04
  -2.5867e-04
  -2.4252e-04
  -2.2718e-04
  -2.1260e-04
  -1.9874e-04
  -1.8556e-04
  -1.7301e-04
  -1.6107e-04
  -1.4969e-04
  -1.3885e-04
  -1.2850e-04
  -1.1862e-04
  -1.0917e-04
  -1.0012e-04
  -9.1443e-05
  -8.3109e-05
  -7.5090e-05
  -6.7358e-05
  -5.9886e-05
  -5.2646e-05
  -4.5613e-05
  -3.8761e-05
  -3.2063e-05
  -2.5495e-05
  -1.9030e-05
  -1.2643e-05
  -6.3082e-06
   3.2656e-03
   6.5482e-03
   9.8419e-03
   1.3140e-02
   1.6438e-02
   1.9727e-02
   2.3004e-02
   2.6260e-02
   2.9491e-02
   3.2690e-02
   3.5850e-02
   3.8967e-02
   4.2035e-02
   4.5046e-02
   4.7997e-02
   5.0881e-02
   5.3693e-02
   5.6428e-02
   5.9080e-02
   6.1644e-02
   6.4117e-02
   6.6492e-02
   6.8766e-02
   7.0935e-02
   7.2994e-02
   7.4940e-02
   7.6769e-02
   7.8477e-02
   8.0062e-02
   8.1521e-02
   8.2851e-02
   8.4049e-02
   8.5113e-02
   8.6042e-02
   8.6834e-02
   8.7487e-02
   8.8000e-02
   8.8373e-02
   8.8605e-02
   8.8695e-02
   8.8643e-02
   8.8450e-02
   8.8116e-02
   8.7641e-02
   8.7027e-02
   8.6275e-02
   8.5385e-02
   8.4360e-02
   8.3202e-02
   8.1912e-02
   8.0494e-02
   7.8949e-02
   7.7280e-02
   7.5490e-02
   7.3583e-02
   7.1561e-02
   6.9428e-02
   6.7188e-02
   6.4845e-02
   6.2402e-02
   5.9864e-02
   5.7234e-02
   5.4518e-02
   5.1720e-02
   4.8843e-02
   4.5894e-02
   4.2876e-02
   3.9795e-02
   3.6655e-02
   3.3461e-02
   3.0218e-02
   2.6931e-02
   2.3605e-02
   2.0245e-02
   1.6856e-02
   1.3443e-02
   1.0012e-02
   6.5659e-03
   3.1109e-03
  -3.4843e-04
  -3.8073e-03
  -7.2609e-03
  -1.0705e-02
  -1.4134e-02
  -1.7544e-02
  -2.0931e-02
  -2.4291e-02
  -2.7618e-02
  -3.0910e-02
  -3.4162e-02
  -3.7370e-02
  -4.0530e-02
  -4.3640e-02
  -4.6695e-02
  -4.9693e-02
  -5.2630e-02
  -5.5503e-02
  -5.8309e-02
  -6.1046e-02
  -6.3711e-02
  -6.6302e-02
  -6.8816e-02
  -7.1252e-02
  -7.3608e-02
  -7.5881e-02
  -7.8071e-02
  -8.0175e-02
  -8.2194e-02
  -8.4125e-02
  -8.5967e-02
  -8.7720e-02
  -8.9384e-02
  -9.0957e-02
  -9.2440e-02
  -9.3832e-02
  -9.5133e-02
  -9.6344e-02
  -9.7464e-02
  -9.8494e-02
  -9.9434e-02
  -1.0029e-01
  -1.0105e-01
  -1.0172e-01
  -1.0231e-01
  -1.0282e-01
  -1.0324e-01
  -1.0358e-01
  -1.0383e-01
  -1.0401e-01
  -1.0410e-01
  -1.0412e-01
  -1.0407e-01
  -1.0394e-01
  -1.0374e-01
  -1.0347e-01
  -1.0313e-01
  -1.0273e-01
  -1.0226e-01
  -1.0173e-01
  -1.0114e-01
  -1.0049e-01
  -9.9790e-02
  -9.9034e-02
  -9.8227e-02
  -9.7371e-02
  -9.6468e-02
  -9.5521e-02
  -9.4532e-02
  -9.3502e-02
  -9.2434e-02
  -9.1331e-02
  -9.0194e-02
  -8.9026e-02
  -8.7828e-02
  -8.6603e-02
  -8.5353e-02
  -8.4079e-02
  -8.2785e-02
  -8.1471e-02
  -8.0141e-02
  -7.8794e-02
  -7.7435e-02
  -7.6064e-02
  -7.4683e-02
  -7.3293e-02
  -7.1898e-02
  -7.0497e-02
  -6.9093e-02
  -6.7688e-02
  -6.6282e-02
  -6.4878e-02
  -6.3476e-02
  -6.2078e-02
  -6.0685e-02
  -5.9299e-02
  -5.7920e-02
  -5.6549e-02
  -5.5189e-02
  -5.3839e-02
  -5.2501e-02
  -5.1176e-02
  -4.9864e-02
  -4.8566e-02
  -4.7283e-02
  -4.6016e-02
  -4.4766e-02
  -4.3532e-02
  -4.2316e-02
  -4.1119e-02
  -3.9939e-02
  -3.8779e-02
  -3.7638e-02
  -3.6517e-02
  -3.5416e-02
  -3.4335e-02
  -3.3275e-02
  -3.2235e-02
  -3.1216e-02
  -3.0219e-02
  -2.9242e-02
  -2.8287e-02
  -2.7352e-02
  -2.6439e-02
  -2.5548e-02
  -2.4677e-02
  -2.3827e-02
  -2.2998e-02
  -2.2191e-02
  -2.1403e-02
  -2.0637e-02
  -1.9890e-02
  -1.9164e-02
  -1.8458e-02
  -1.7771e-02
  -1.7104e-02
  -1.6456e-02
  -1.5827e-02
  -1.5216e-02
  -1.4624e-02
  -1.4050e-02
  -1.3493e-02
  -1.2954e-02
  -1.2432e-02
  -1.1927e-02
  -1.1438e-02
  -1.0965e-02
  -1.0507e-02
  -1.0065e-02
  -9.6383e-03
  -9.2260e-03
  -8.8279e-03
  -8.4437e-03
  -8.0731e-03
  -7.7157e-03
  -7.3712e-03
  -7.0391e-03
  -6.7192e-03
  -6.4111e-03
  -6.1144e-03
  -5.8288e-03
  -5.5541e-03
  -5.2897e-03
  -5.0354e-03
  -4.7909e-03
  -4.5559e-03
  -4.3299e-03
  -4.1128e-03
  -3.9042e-03
  -3.7037e-03
  -3.5111e-03
  -3.3262e-03
  -3.1485e-03
  -2.9778e-03
  -2.8138e-03
  -2.6563e-03
  -2.5049e-03
  -2.3594e-03
  -2.2196e-03
  -2.0851e-03
  -1.9558e-03
  -1.8313e-03
  -1.7115e-03
  -1.5960e-03
  -1.4846e-03
  -1.3771e-03
  -1.2733e-03
  -1.1729e-03
  -1.0757e-03
  -9.8143e-04
  -8.8992e-04
  -8.0093e-04
  -7.1423e-04
  -6.2960e-04
  -5.4681e-04
  -4.6565e-04
  -3.8588e-04
  -3.0728e-04
  -2.2962e-04
  -1.5268e-04
  -7.6220e-05
   0.0037
   0.0075
   0.0113
   0.0150
   0.0188
   0.0225
   0.0262
   0.0298
   0.0334
   0.0369
   0.0403
   0.0437
   0.0469
   0.0500
   0.0530
   0.0559
   0.0586
   0.0612
   0.0637
   0.0660
   0.0681
   0.0701
   0.0719
   0.0734
   0.0749
   0.0761
   0.0771
   0.0779
   0.0785
   0.0790
   0.0792
   0.0792
   0.0790
   0.0786
   0.0780
   0.0772
   0.0762
   0.0750
   0.0736
   0.0720
   0.0702
   0.0682
   0.0661
   0.0638
   0.0613
   0.0587
   0.0559
   0.0530
   0.0499
   0.0467
   0.0434
   0.0400
   0.0364
   0.0328
   0.0291
   0.0253
   0.0214
   0.0175
   0.0136
   0.0096
   0.0056
   0.0016
  -0.0024
  -0.0065
  -0.0105
  -0.0144
  -0.0184
  -0.0223
  -0.0261
  -0.0299
  -0.0336
  -0.0372
  -0.0407
  -0.0442
  -0.0475
  -0.0507
  -0.0538
  -0.0567
  -0.0596
  -0.0622
  -0.0648
  -0.0671
  -0.0693
  -0.0714
  -0.0733
  -0.0750
  -0.0765
  -0.0779
  -0.0791
  -0.0801
  -0.0809
  -0.0815
  -0.0820
  -0.0822
  -0.0823
  -0.0822
  -0.0819
  -0.0815
  -0.0808
  -0.0800
  -0.0790
  -0.0778
  -0.0765
  -0.0750
  -0.0734
  -0.0716
  -0.0696
  -0.0675
  -0.0653
  -0.0629
  -0.0604
  -0.0577
  -0.0550
  -0.0521
  -0.0492
  -0.0461
  -0.0430
  -0.0398
  -0.0365
  -0.0331
  -0.0296
  -0.0262
  -0.0226
  -0.0190
  -0.0154
  -0.0118
  -0.0081
  -0.0044
  -0.0007
   0.0030
   0.0067
   0.0103
   0.0140
   0.0176
   0.0212
   0.0248
   0.0283
   0.0318
   0.0352
   0.0386
   0.0419
   0.0452
   0.0484
   0.0515
   0.0545
   0.0574
   0.0603
   0.0631
   0.0658
   0.0684
   0.0709
   0.0733
   0.0756
   0.0778
   0.0799
   0.0819
   0.0837
   0.0855
   0.0872
   0.0888
   0.0903
   0.0916
   0.0929
   0.0940
   0.0951
   0.0960
   0.0969
   0.0976
   0.0982
   0.0988
   0.0992
   0.0996
   0.0998
   0.1000
   0.1000
   0.1000
   0.0999
   0.0997
   0.0995
   0.0991
   0.0987
   0.0982
   0.0976
   0.0970
   0.0963
   0.0956
   0.0947
   0.0939
   0.0929
   0.0919
   0.0909
   0.0898
   0.0887
   0.0876
   0.0864
   0.0851
   0.0839
   0.0826
   0.0813
   0.0799
   0.0785
   0.0771
   0.0757
   0.0743
   0.0729
   0.0714
   0.0700
   0.0685
   0.0671
   0.0656
   0.0641
   0.0626
   0.0612
   0.0597
   0.0582
   0.0568
   0.0554
   0.0539
   0.0525
   0.0511
   0.0497
   0.0483
   0.0469
   0.0456
   0.0442
   0.0429
   0.0416
   0.0403
   0.0391
   0.0378
   0.0366
   0.0354
   0.0342
   0.0331
   0.0319
   0.0308
   0.0297
   0.0287
   0.0276
   0.0266
   0.0256
   0.0246
   0.0236
   0.0227
   0.0218
   0.0209
   0.0200
   0.0192
   0.0184
   0.0175
   0.0168
   0.0160
   0.0152
   0.0145
   0.0138
   0.0131
   0.0124
   0.0118
   0.0111
   0.0105
   0.0099
   0.0093
   0.0087
   0.0082
   0.0076
   0.0071
   0.0065
   0.0060
   0.0055
   0.0050
   0.0045
   0.0041
   0.0036
   0.0031
   0.0027
   0.0022
   0.0018
   0.0013
   0.0009
   0.0004
   0.0071
   0.0142
   0.0214
   0.0285
   0.0356
   0.0427
   0.0498
   0.0569
   0.0641
   0.0712
   0.0783
   0.0854
   0.0925
   0.0996
   0.1068
   0.1139
   0.1210
   0.1281
   0.1352
   0.1423
   0.1495
   0.1566
   0.1637
   0.1708
   0.1779
   0.1851
   0.1922
   0.1993
   0.2064
   0.2135
   0.2206
   0.2278
   0.2349
   0.2420
   0.2491
   0.2562
   0.2633
   0.2705
   0.2776
   0.2847
   0.2918
   0.2989
   0.3060
   0.3132
   0.3203
   0.3274
   0.3345
   0.3416
   0.3488
   0.3559
   0.3630
   0.3701
   0.3772
   0.3843
   0.3915
   0.3986
   0.4057
   0.4128
   0.4199
   0.4270
   0.4342
   0.4413
   0.4484
   0.4555
   0.4626
   0.4698
   0.4769
   0.4840
   0.4911
   0.4982
   0.5053
   0.5125
   0.5196
   0.5267
   0.5338
   0.5409
   0.5480
   0.5552
   0.5623
   0.5694
   0.5765
   0.5836
   0.5907
   0.5979
   0.6050
   0.6121
   0.6192
   0.6263
   0.6335
   0.6406
   0.6477
   0.6548
   0.6619
   0.6690
   0.6762
   0.6833
   0.6904
   0.6975
   0.7046
   0.7117
   0.7189
   0.7260
   0.7331
   0.7402
   0.7473
   0.7544
   0.7616
   0.7687
   0.7758
   0.7829
   0.7900
   0.7972
   0.8043
   0.8114
   0.8185
   0.8256
   0.8327
   0.8399
   0.8470
   0.8541
   0.8612
   0.8683
   0.8754
   0.8826
   0.8897
   0.8968
   0.9039
   0.9110
   0.9181
   0.9253
   0.9324
   0.9395
   0.9466
   0.9537
   0.9609
   0.9680
   0.9751
   0.9822
   0.9893
   0.9964
   1.0036
   1.0107
   1.0178
   1.0249
   1.0320
   1.0391
   1.0463
   1.0534
   1.0605
   1.0676
   1.0747
   1.0819
   1.0890
   1.0961
   1.1032
   1.1103
   1.1174
   1.1246
   1.1317
   1.1388
   1.1459
   1.1530
   1.1601
   1.1673
   1.1744
   1.1815
   1.1886
   1.1957
   1.2028
   1.2100
   1.2171
   1.2242
   1.2313
   1.2384
   1.2456
   1.2527
   1.2598
   1.2669
   1.2740
   1.2811
   1.2883
   1.2954
   1.3025
   1.3096
   1.3167
   1.3238
   1.3310
   1.3381
   1.3452
   1.3523
   1.3594
   1.3665
   1.3737
   1.3808
   1.3879
   1.3950
   1.4021
   1.4093
   1.4164
   1.4235
   1.4306
   1.4377
   1.4448
   1.4520
   1.4591
   1.4662
   1.4733
   1.4804
   1.4875
   1.4947
   1.5018
   1.5089
   1.5160
   1.5231
   1.5302
   1.5374
   1.5445
   1.5516
   1.5587
   1.5658
   1.5730
   1.5801
   1.5872
   1.5943
   1.6014
   1.6085
   1.6157
   1.6228
   1.6299
   1.6370
   1.6441
   1.6512
   1.6584
   1.6655
   1.6726
   1.6797
   1.6868
   1.6940
   1.7011
   1.7082
   1.7153
   1.7224
   1.7295
   1.7367
   1.7438
   1.7509
   1.7580
   1.7651
   1.7722
   1.7794
   1.7865
   1.7936
   1.8007
   1.8078
   1.8149
   1.8221
   1.8292
   1.8363
   1.8434
   1.8505
   1.8577
   1.8648
   1.8719
   1.8790
   1.8861
   1.8932
   1.9004
   1.9075
   1.9146
   1.9217
   1.9288
   1.9359
   1.9431
   1.9502
   1.9573
   1.9644
   1.9715
   1.9786
   1.9858
   1.9929
