rho_max =50
rho_min =0
n =280
   1.0577e-01
   1.4151e-01
   1.7803e-01
   2.1574e-01
   2.5660e-01
   3.0336e-01
   3.5751e-01
   4.1940e-01
   4.8901e-01
   5.6633e-01
   6.5132e-01
   7.4398e-01
   8.4431e-01
   9.5231e-01
   1.0680e+00
   1.1913e+00
   1.3223e+00
   1.4610e+00
   1.6073e+00
   1.7612e+00
   1.9228e+00
   2.0920e+00
   2.2688e+00
   2.4532e+00
   2.6452e+00
   2.8447e+00
   3.0517e+00
   3.2662e+00
   3.4882e+00
   3.7177e+00
   3.9545e+00
   4.1988e+00
   4.4505e+00
   4.7095e+00
   4.9758e+00
   5.2494e+00
   5.5302e+00
   5.8182e+00
   6.1134e+00
   6.4158e+00
   6.7252e+00
   7.0418e+00
   7.3653e+00
   7.6958e+00
   8.0333e+00
   8.3777e+00
   8.7290e+00
   9.0870e+00
   9.4519e+00
   9.8234e+00
   1.0202e+01
   1.0587e+01
   1.0978e+01
   1.1376e+01
   1.1781e+01
   1.2192e+01
   1.2609e+01
   1.3033e+01
   1.3463e+01
   1.3899e+01
   1.4341e+01
   1.4790e+01
   1.5244e+01
   1.5705e+01
   1.6171e+01
   1.6644e+01
   1.7122e+01
   1.7606e+01
   1.8096e+01
   1.8591e+01
   1.9092e+01
   1.9599e+01
   2.0111e+01
   2.0628e+01
   2.1151e+01
   2.1679e+01
   2.2212e+01
   2.2751e+01
   2.3294e+01
   2.3842e+01
   2.4396e+01
   2.4954e+01
   2.5517e+01
   2.6085e+01
   2.6657e+01
   2.7234e+01
   2.7816e+01
   2.8402e+01
   2.8992e+01
   2.9587e+01
   3.0186e+01
   3.0789e+01
   3.1396e+01
   3.2007e+01
   3.2622e+01
   3.3241e+01
   3.3863e+01
   3.4490e+01
   3.5120e+01
   3.5753e+01
   3.6390e+01
   3.7030e+01
   3.7674e+01
   3.8321e+01
   3.8970e+01
   3.9623e+01
   4.0279e+01
   4.0938e+01
   4.1600e+01
   4.2264e+01
   4.2931e+01
   4.3600e+01
   4.4272e+01
   4.4947e+01
   4.5623e+01
   4.6302e+01
   4.6983e+01
   4.7666e+01
   4.8351e+01
   4.9038e+01
   4.9727e+01
   5.0417e+01
   5.1109e+01
   5.1803e+01
   5.2498e+01
   5.3194e+01
   5.3892e+01
   5.4591e+01
   5.5291e+01
   5.5992e+01
   5.6694e+01
   5.7396e+01
   5.8100e+01
   5.8804e+01
   5.9508e+01
   6.0214e+01
   6.0919e+01
   6.1625e+01
   6.2331e+01
   6.3037e+01
   6.3743e+01
   6.4450e+01
   6.5156e+01
   6.5861e+01
   6.6567e+01
   6.7272e+01
   6.7977e+01
   6.8681e+01
   6.9384e+01
   7.0087e+01
   7.0789e+01
   7.1489e+01
   7.2189e+01
   7.2888e+01
   7.3586e+01
   7.4282e+01
   7.4977e+01
   7.5670e+01
   7.6362e+01
   7.7052e+01
   7.7741e+01
   7.8428e+01
   7.9113e+01
   7.9796e+01
   8.0477e+01
   8.1155e+01
   8.1832e+01
   8.2506e+01
   8.3178e+01
   8.3847e+01
   8.4514e+01
   8.5178e+01
   8.5840e+01
   8.6498e+01
   8.7154e+01
   8.7807e+01
   8.8457e+01
   8.9103e+01
   8.9746e+01
   9.0386e+01
   9.1023e+01
   9.1656e+01
   9.2286e+01
   9.2912e+01
   9.3534e+01
   9.4153e+01
   9.4768e+01
   9.5379e+01
   9.5985e+01
   9.6588e+01
   9.7187e+01
   9.7781e+01
   9.8371e+01
   9.8957e+01
   9.9538e+01
   1.0011e+02
   1.0069e+02
   1.0125e+02
   1.0182e+02
   1.0238e+02
   1.0293e+02
   1.0348e+02
   1.0402e+02
   1.0456e+02
   1.0509e+02
   1.0562e+02
   1.0614e+02
   1.0666e+02
   1.0717e+02
   1.0767e+02
   1.0818e+02
   1.0867e+02
   1.0916e+02
   1.0964e+02
   1.1012e+02
   1.1059e+02
   1.1106e+02
   1.1152e+02
   1.1197e+02
   1.1242e+02
   1.1286e+02
   1.1330e+02
   1.1373e+02
   1.1415e+02
   1.1457e+02
   1.1498e+02
   1.1538e+02
   1.1578e+02
   1.1617e+02
   1.1655e+02
   1.1693e+02
   1.1730e+02
   1.1767e+02
   1.1802e+02
   1.1837e+02
   1.1872e+02
   1.1905e+02
   1.1938e+02
   1.1971e+02
   1.2002e+02
   1.2033e+02
   1.2063e+02
   1.2093e+02
   1.2121e+02
   1.2149e+02
   1.2177e+02
   1.2203e+02
   1.2229e+02
   1.2254e+02
   1.2278e+02
   1.2302e+02
   1.2325e+02
   1.2347e+02
   1.2368e+02
   1.2388e+02
   1.2408e+02
   1.2427e+02
   1.2446e+02
   1.2463e+02
   1.2480e+02
   1.2496e+02
   1.2511e+02
   1.2525e+02
   1.2539e+02
   1.2552e+02
   1.2564e+02
   1.2575e+02
   1.2586e+02
   1.2595e+02
   1.2604e+02
   1.2612e+02
   1.2619e+02
   1.2626e+02
   1.2631e+02
   1.2636e+02
   1.2640e+02
   1.2642e+02
   1.2645e+02
   1.2651e+02
   1.2659e+02
  -1.0723e-04
  -2.3319e-04
  -3.7911e-04
  -5.4625e-04
  -7.3586e-04
  -9.4920e-04
  -1.1875e-03
  -1.4520e-03
  -1.7440e-03
  -2.0646e-03
  -2.4151e-03
  -2.7965e-03
  -3.2102e-03
  -3.6570e-03
  -4.1382e-03
  -4.6547e-03
  -5.2074e-03
  -5.7974e-03
  -6.4255e-03
  -7.0925e-03
  -7.7991e-03
  -8.5460e-03
  -9.3338e-03
  -1.0163e-02
  -1.1034e-02
  -1.1948e-02
  -1.2904e-02
  -1.3902e-02
  -1.4944e-02
  -1.6029e-02
  -1.7156e-02
  -1.8326e-02
  -1.9539e-02
  -2.0793e-02
  -2.2089e-02
  -2.3426e-02
  -2.4804e-02
  -2.6221e-02
  -2.7677e-02
  -2.9171e-02
  -3.0701e-02
  -3.2267e-02
  -3.3868e-02
  -3.5501e-02
  -3.7166e-02
  -3.8861e-02
  -4.0585e-02
  -4.2335e-02
  -4.4110e-02
  -4.5908e-02
  -4.7728e-02
  -4.9566e-02
  -5.1421e-02
  -5.3292e-02
  -5.5175e-02
  -5.7069e-02
  -5.8970e-02
  -6.0878e-02
  -6.2789e-02
  -6.4701e-02
  -6.6611e-02
  -6.8518e-02
  -7.0418e-02
  -7.2309e-02
  -7.4189e-02
  -7.6055e-02
  -7.7904e-02
  -7.9735e-02
  -8.1544e-02
  -8.3329e-02
  -8.5088e-02
  -8.6818e-02
  -8.8517e-02
  -9.0182e-02
  -9.1812e-02
  -9.3404e-02
  -9.4957e-02
  -9.6466e-02
  -9.7932e-02
  -9.9352e-02
  -1.0072e-01
  -1.0205e-01
  -1.0332e-01
  -1.0453e-01
  -1.0570e-01
  -1.0680e-01
  -1.0785e-01
  -1.0884e-01
  -1.0977e-01
  -1.1064e-01
  -1.1145e-01
  -1.1219e-01
  -1.1287e-01
  -1.1349e-01
  -1.1404e-01
  -1.1453e-01
  -1.1495e-01
  -1.1530e-01
  -1.1559e-01
  -1.1582e-01
  -1.1598e-01
  -1.1607e-01
  -1.1610e-01
  -1.1606e-01
  -1.1596e-01
  -1.1579e-01
  -1.1556e-01
  -1.1527e-01
  -1.1492e-01
  -1.1451e-01
  -1.1404e-01
  -1.1351e-01
  -1.1292e-01
  -1.1228e-01
  -1.1158e-01
  -1.1083e-01
  -1.1003e-01
  -1.0918e-01
  -1.0828e-01
  -1.0733e-01
  -1.0634e-01
  -1.0530e-01
  -1.0422e-01
  -1.0311e-01
  -1.0195e-01
  -1.0075e-01
  -9.9526e-02
  -9.8264e-02
  -9.6972e-02
  -9.5650e-02
  -9.4301e-02
  -9.2926e-02
  -9.1528e-02
  -9.0108e-02
  -8.8668e-02
  -8.7209e-02
  -8.5735e-02
  -8.4246e-02
  -8.2745e-02
  -8.1232e-02
  -7.9711e-02
  -7.8182e-02
  -7.6647e-02
  -7.5108e-02
  -7.3566e-02
  -7.2023e-02
  -7.0481e-02
  -6.8940e-02
  -6.7403e-02
  -6.5871e-02
  -6.4345e-02
  -6.2826e-02
  -6.1316e-02
  -5.9816e-02
  -5.8327e-02
  -5.6850e-02
  -5.5386e-02
  -5.3936e-02
  -5.2501e-02
  -5.1083e-02
  -4.9681e-02
  -4.8296e-02
  -4.6931e-02
  -4.5584e-02
  -4.4256e-02
  -4.2950e-02
  -4.1664e-02
  -4.0399e-02
  -3.9156e-02
  -3.7935e-02
  -3.6737e-02
  -3.5562e-02
  -3.4410e-02
  -3.3281e-02
  -3.2176e-02
  -3.1095e-02
  -3.0037e-02
  -2.9003e-02
  -2.7994e-02
  -2.7008e-02
  -2.6046e-02
  -2.5109e-02
  -2.4195e-02
  -2.3305e-02
  -2.2438e-02
  -2.1595e-02
  -2.0775e-02
  -1.9978e-02
  -1.9204e-02
  -1.8452e-02
  -1.7723e-02
  -1.7015e-02
  -1.6330e-02
  -1.5665e-02
  -1.5022e-02
  -1.4399e-02
  -1.3797e-02
  -1.3214e-02
  -1.2651e-02
  -1.2108e-02
  -1.1583e-02
  -1.1076e-02
  -1.0587e-02
  -1.0116e-02
  -9.6623e-03
  -9.2251e-03
  -8.8042e-03
  -8.3992e-03
  -8.0096e-03
  -7.6352e-03
  -7.2754e-03
  -6.9298e-03
  -6.5981e-03
  -6.2798e-03
  -5.9745e-03
  -5.6819e-03
  -5.4014e-03
  -5.1328e-03
  -4.8757e-03
  -4.6296e-03
  -4.3942e-03
  -4.1692e-03
  -3.9541e-03
  -3.7487e-03
  -3.5526e-03
  -3.3653e-03
  -3.1867e-03
  -3.0164e-03
  -2.8541e-03
  -2.6994e-03
  -2.5521e-03
  -2.4118e-03
  -2.2783e-03
  -2.1514e-03
  -2.0307e-03
  -1.9159e-03
  -1.8069e-03
  -1.7034e-03
  -1.6051e-03
  -1.5118e-03
  -1.4233e-03
  -1.3394e-03
  -1.2598e-03
  -1.1844e-03
  -1.1130e-03
  -1.0453e-03
  -9.8128e-04
  -9.2064e-04
  -8.6325e-04
  -8.0896e-04
  -7.5760e-04
  -7.0903e-04
  -6.6309e-04
  -6.1966e-04
  -5.7859e-04
  -5.3976e-04
  -5.0304e-04
  -4.6832e-04
  -4.3548e-04
  -4.0440e-04
  -3.7499e-04
  -3.4714e-04
  -3.2075e-04
  -2.9573e-04
  -2.7198e-04
  -2.4942e-04
  -2.2796e-04
  -2.0752e-04
  -1.8802e-04
  -1.6937e-04
  -1.5151e-04
  -1.3435e-04
  -1.1783e-04
  -1.0187e-04
  -8.6397e-05
  -7.1350e-05
  -5.6655e-05
  -4.2242e-05
  -2.8042e-05
  -1.3985e-05
  -0.0002
  -0.0005
  -0.0008
  -0.0012
  -0.0016
  -0.0020
  -0.0025
  -0.0031
  -0.0037
  -0.0043
  -0.0051
  -0.0058
  -0.0067
  -0.0076
  -0.0086
  -0.0096
  -0.0107
  -0.0118
  -0.0131
  -0.0144
  -0.0157
  -0.0171
  -0.0186
  -0.0201
  -0.0217
  -0.0234
  -0.0251
  -0.0269
  -0.0287
  -0.0306
  -0.0325
  -0.0345
  -0.0365
  -0.0385
  -0.0406
  -0.0427
  -0.0448
  -0.0470
  -0.0491
  -0.0513
  -0.0535
  -0.0557
  -0.0579
  -0.0600
  -0.0622
  -0.0643
  -0.0664
  -0.0685
  -0.0706
  -0.0726
  -0.0745
  -0.0764
  -0.0783
  -0.0800
  -0.0817
  -0.0833
  -0.0849
  -0.0863
  -0.0877
  -0.0890
  -0.0901
  -0.0912
  -0.0921
  -0.0929
  -0.0937
  -0.0942
  -0.0947
  -0.0950
  -0.0952
  -0.0953
  -0.0952
  -0.0950
  -0.0946
  -0.0941
  -0.0934
  -0.0926
  -0.0917
  -0.0906
  -0.0894
  -0.0880
  -0.0865
  -0.0849
  -0.0831
  -0.0811
  -0.0791
  -0.0769
  -0.0746
  -0.0721
  -0.0696
  -0.0669
  -0.0641
  -0.0612
  -0.0581
  -0.0550
  -0.0518
  -0.0485
  -0.0452
  -0.0417
  -0.0382
  -0.0346
  -0.0310
  -0.0273
  -0.0235
  -0.0197
  -0.0159
  -0.0121
  -0.0082
  -0.0043
  -0.0004
   0.0035
   0.0073
   0.0112
   0.0151
   0.0189
   0.0227
   0.0264
   0.0302
   0.0338
   0.0374
   0.0410
   0.0445
   0.0479
   0.0513
   0.0545
   0.0577
   0.0608
   0.0639
   0.0668
   0.0696
   0.0723
   0.0749
   0.0775
   0.0799
   0.0822
   0.0844
   0.0864
   0.0884
   0.0903
   0.0920
   0.0936
   0.0951
   0.0965
   0.0978
   0.0989
   0.1000
   0.1009
   0.1017
   0.1024
   0.1030
   0.1034
   0.1038
   0.1041
   0.1042
   0.1043
   0.1043
   0.1041
   0.1039
   0.1036
   0.1032
   0.1027
   0.1021
   0.1014
   0.1007
   0.0999
   0.0990
   0.0981
   0.0971
   0.0960
   0.0949
   0.0937
   0.0925
   0.0912
   0.0899
   0.0885
   0.0871
   0.0857
   0.0842
   0.0828
   0.0812
   0.0797
   0.0782
   0.0766
   0.0750
   0.0734
   0.0718
   0.0702
   0.0686
   0.0669
   0.0653
   0.0637
   0.0621
   0.0605
   0.0589
   0.0573
   0.0557
   0.0542
   0.0526
   0.0511
   0.0496
   0.0481
   0.0466
   0.0452
   0.0438
   0.0424
   0.0410
   0.0396
   0.0383
   0.0370
   0.0357
   0.0345
   0.0332
   0.0320
   0.0309
   0.0297
   0.0286
   0.0275
   0.0265
   0.0255
   0.0245
   0.0235
   0.0225
   0.0216
   0.0207
   0.0199
   0.0190
   0.0182
   0.0174
   0.0167
   0.0159
   0.0152
   0.0146
   0.0139
   0.0133
   0.0126
   0.0121
   0.0115
   0.0109
   0.0104
   0.0099
   0.0094
   0.0089
   0.0085
   0.0081
   0.0076
   0.0072
   0.0069
   0.0065
   0.0062
   0.0058
   0.0055
   0.0052
   0.0049
   0.0046
   0.0043
   0.0041
   0.0038
   0.0036
   0.0034
   0.0032
   0.0030
   0.0028
   0.0026
   0.0024
   0.0022
   0.0020
   0.0019
   0.0017
   0.0016
   0.0014
   0.0013
   0.0012
   0.0010
   0.0009
   0.0008
   0.0007
   0.0006
   0.0004
   0.0003
   0.0002
   0.0001
   0.0004
   0.0008
   0.0013
   0.0019
   0.0025
   0.0033
   0.0041
   0.0050
   0.0059
   0.0070
   0.0081
   0.0093
   0.0106
   0.0120
   0.0135
   0.0151
   0.0167
   0.0184
   0.0203
   0.0221
   0.0241
   0.0261
   0.0282
   0.0304
   0.0326
   0.0348
   0.0371
   0.0395
   0.0418
   0.0442
   0.0466
   0.0491
   0.0515
   0.0539
   0.0563
   0.0587
   0.0610
   0.0633
   0.0656
   0.0678
   0.0699
   0.0719
   0.0739
   0.0757
   0.0775
   0.0791
   0.0806
   0.0820
   0.0832
   0.0843
   0.0853
   0.0861
   0.0867
   0.0871
   0.0874
   0.0874
   0.0873
   0.0870
   0.0865
   0.0858
   0.0850
   0.0839
   0.0826
   0.0811
   0.0794
   0.0775
   0.0754
   0.0732
   0.0707
   0.0681
   0.0653
   0.0623
   0.0591
   0.0558
   0.0524
   0.0488
   0.0450
   0.0412
   0.0372
   0.0331
   0.0290
   0.0247
   0.0204
   0.0160
   0.0116
   0.0072
   0.0027
  -0.0018
  -0.0062
  -0.0107
  -0.0151
  -0.0195
  -0.0238
  -0.0281
  -0.0323
  -0.0363
  -0.0403
  -0.0442
  -0.0479
  -0.0515
  -0.0550
  -0.0583
  -0.0614
  -0.0644
  -0.0671
  -0.0697
  -0.0721
  -0.0743
  -0.0763
  -0.0780
  -0.0795
  -0.0809
  -0.0820
  -0.0828
  -0.0835
  -0.0839
  -0.0840
  -0.0840
  -0.0837
  -0.0832
  -0.0824
  -0.0815
  -0.0803
  -0.0789
  -0.0773
  -0.0755
  -0.0734
  -0.0712
  -0.0689
  -0.0663
  -0.0636
  -0.0607
  -0.0576
  -0.0544
  -0.0511
  -0.0476
  -0.0440
  -0.0403
  -0.0365
  -0.0327
  -0.0287
  -0.0247
  -0.0206
  -0.0165
  -0.0123
  -0.0081
  -0.0039
   0.0003
   0.0045
   0.0088
   0.0129
   0.0171
   0.0212
   0.0253
   0.0294
   0.0333
   0.0372
   0.0410
   0.0448
   0.0484
   0.0520
   0.0555
   0.0588
   0.0621
   0.0652
   0.0682
   0.0711
   0.0738
   0.0765
   0.0790
   0.0813
   0.0835
   0.0856
   0.0876
   0.0894
   0.0911
   0.0926
   0.0940
   0.0953
   0.0964
   0.0974
   0.0983
   0.0990
   0.0996
   0.1001
   0.1004
   0.1006
   0.1007
   0.1007
   0.1006
   0.1004
   0.1000
   0.0996
   0.0991
   0.0984
   0.0977
   0.0969
   0.0960
   0.0951
   0.0940
   0.0929
   0.0917
   0.0905
   0.0892
   0.0879
   0.0865
   0.0851
   0.0836
   0.0821
   0.0805
   0.0789
   0.0773
   0.0757
   0.0741
   0.0724
   0.0707
   0.0690
   0.0674
   0.0657
   0.0640
   0.0623
   0.0606
   0.0589
   0.0572
   0.0556
   0.0539
   0.0523
   0.0507
   0.0490
   0.0475
   0.0459
   0.0444
   0.0428
   0.0414
   0.0399
   0.0385
   0.0370
   0.0357
   0.0343
   0.0330
   0.0317
   0.0304
   0.0292
   0.0279
   0.0268
   0.0256
   0.0245
   0.0234
   0.0223
   0.0213
   0.0203
   0.0193
   0.0184
   0.0174
   0.0165
   0.0157
   0.0148
   0.0140
   0.0132
   0.0124
   0.0117
   0.0109
   0.0102
   0.0095
   0.0089
   0.0082
   0.0076
   0.0070
   0.0064
   0.0058
   0.0052
   0.0047
   0.0041
   0.0036
   0.0031
   0.0025
   0.0020
   0.0015
   0.0010
   0.0005
    0.1779
    0.3559
    0.5338
    0.7117
    0.8897
    1.0676
    1.2456
    1.4235
    1.6014
    1.7794
    1.9573
    2.1352
    2.3132
    2.4911
    2.6690
    2.8470
    3.0249
    3.2028
    3.3808
    3.5587
    3.7367
    3.9146
    4.0925
    4.2705
    4.4484
    4.6263
    4.8043
    4.9822
    5.1601
    5.3381
    5.5160
    5.6940
    5.8719
    6.0498
    6.2278
    6.4057
    6.5836
    6.7616
    6.9395
    7.1174
    7.2954
    7.4733
    7.6512
    7.8292
    8.0071
    8.1851
    8.3630
    8.5409
    8.7189
    8.8968
    9.0747
    9.2527
    9.4306
    9.6085
    9.7865
    9.9644
   10.1423
   10.3203
   10.4982
   10.6762
   10.8541
   11.0320
   11.2100
   11.3879
   11.5658
   11.7438
   11.9217
   12.0996
   12.2776
   12.4555
   12.6335
   12.8114
   12.9893
   13.1673
   13.3452
   13.5231
   13.7011
   13.8790
   14.0569
   14.2349
   14.4128
   14.5907
   14.7687
   14.9466
   15.1246
   15.3025
   15.4804
   15.6584
   15.8363
   16.0142
   16.1922
   16.3701
   16.5480
   16.7260
   16.9039
   17.0819
   17.2598
   17.4377
   17.6157
   17.7936
   17.9715
   18.1495
   18.3274
   18.5053
   18.6833
   18.8612
   19.0391
   19.2171
   19.3950
   19.5730
   19.7509
   19.9288
   20.1068
   20.2847
   20.4626
   20.6406
   20.8185
   20.9964
   21.1744
   21.3523
   21.5302
   21.7082
   21.8861
   22.0641
   22.2420
   22.4199
   22.5979
   22.7758
   22.9537
   23.1317
   23.3096
   23.4875
   23.6655
   23.8434
   24.0214
   24.1993
   24.3772
   24.5552
   24.7331
   24.9110
   25.0890
   25.2669
   25.4448
   25.6228
   25.8007
   25.9786
   26.1566
   26.3345
   26.5125
   26.6904
   26.8683
   27.0463
   27.2242
   27.4021
   27.5801
   27.7580
   27.9359
   28.1139
   28.2918
   28.4698
   28.6477
   28.8256
   29.0036
   29.1815
   29.3594
   29.5374
   29.7153
   29.8932
   30.0712
   30.2491
   30.4270
   30.6050
   30.7829
   30.9609
   31.1388
   31.3167
   31.4947
   31.6726
   31.8505
   32.0285
   32.2064
   32.3843
   32.5623
   32.7402
   32.9181
   33.0961
   33.2740
   33.4520
   33.6299
   33.8078
   33.9858
   34.1637
   34.3416
   34.5196
   34.6975
   34.8754
   35.0534
   35.2313
   35.4093
   35.5872
   35.7651
   35.9431
   36.1210
   36.2989
   36.4769
   36.6548
   36.8327
   37.0107
   37.1886
   37.3665
   37.5445
   37.7224
   37.9004
   38.0783
   38.2562
   38.4342
   38.6121
   38.7900
   38.9680
   39.1459
   39.3238
   39.5018
   39.6797
   39.8577
   40.0356
   40.2135
   40.3915
   40.5694
   40.7473
   40.9253
   41.1032
   41.2811
   41.4591
   41.6370
   41.8149
   41.9929
   42.1708
   42.3488
   42.5267
   42.7046
   42.8826
   43.0605
   43.2384
   43.4164
   43.5943
   43.7722
   43.9502
   44.1281
   44.3060
   44.4840
   44.6619
   44.8399
   45.0178
   45.1957
   45.3737
   45.5516
   45.7295
   45.9075
   46.0854
   46.2633
   46.4413
   46.6192
   46.7972
   46.9751
   47.1530
   47.3310
   47.5089
   47.6868
   47.8648
   48.0427
   48.2206
   48.3986
   48.5765
   48.7544
   48.9324
   49.1103
   49.2883
   49.4662
   49.6441
   49.8221
