rho_max =5
rho_min =0
n =280
   4.0578e+00
   7.9092e+00
   1.1818e+01
   1.5762e+01
   1.9798e+01
   2.4161e+01
   2.9165e+01
   3.4963e+01
   4.1583e+01
   4.9015e+01
   5.7249e+01
   6.6280e+01
   7.6101e+01
   8.6710e+01
   9.8102e+01
   1.1028e+02
   1.2323e+02
   1.3696e+02
   1.5146e+02
   1.6674e+02
   1.8279e+02
   1.9960e+02
   2.1718e+02
   2.3553e+02
   2.5464e+02
   2.7450e+02
   2.9513e+02
   3.1650e+02
   3.3863e+02
   3.6151e+02
   3.8513e+02
   4.0950e+02
   4.3460e+02
   4.6044e+02
   4.8701e+02
   5.1432e+02
   5.4235e+02
   5.7110e+02
   6.0057e+02
   6.3076e+02
   6.6166e+02
   6.9327e+02
   7.2558e+02
   7.5859e+02
   7.9230e+02
   8.2670e+02
   8.6178e+02
   8.9755e+02
   9.3400e+02
   9.7112e+02
   1.0089e+03
   1.0474e+03
   1.0865e+03
   1.1263e+03
   1.1667e+03
   1.2077e+03
   1.2494e+03
   1.2918e+03
   1.3348e+03
   1.3783e+03
   1.4226e+03
   1.4674e+03
   1.5128e+03
   1.5588e+03
   1.6055e+03
   1.6527e+03
   1.7005e+03
   1.7489e+03
   1.7978e+03
   1.8474e+03
   1.8974e+03
   1.9481e+03
   1.9992e+03
   2.0510e+03
   2.1032e+03
   2.1560e+03
   2.2093e+03
   2.2631e+03
   2.3175e+03
   2.3723e+03
   2.4276e+03
   2.4834e+03
   2.5397e+03
   2.5965e+03
   2.6537e+03
   2.7114e+03
   2.7695e+03
   2.8281e+03
   2.8871e+03
   2.9466e+03
   3.0065e+03
   3.0667e+03
   3.1274e+03
   3.1885e+03
   3.2500e+03
   3.3119e+03
   3.3741e+03
   3.4368e+03
   3.4997e+03
   3.5631e+03
   3.6268e+03
   3.6908e+03
   3.7551e+03
   3.8198e+03
   3.8848e+03
   3.9501e+03
   4.0156e+03
   4.0815e+03
   4.1477e+03
   4.2141e+03
   4.2808e+03
   4.3477e+03
   4.4149e+03
   4.4823e+03
   4.5500e+03
   4.6179e+03
   4.6860e+03
   4.7543e+03
   4.8228e+03
   4.8915e+03
   4.9603e+03
   5.0294e+03
   5.0986e+03
   5.1679e+03
   5.2374e+03
   5.3070e+03
   5.3768e+03
   5.4467e+03
   5.5167e+03
   5.5868e+03
   5.6569e+03
   5.7272e+03
   5.7975e+03
   5.8679e+03
   5.9384e+03
   6.0089e+03
   6.0795e+03
   6.1501e+03
   6.2207e+03
   6.2913e+03
   6.3619e+03
   6.4325e+03
   6.5031e+03
   6.5737e+03
   6.6443e+03
   6.7148e+03
   6.7852e+03
   6.8556e+03
   6.9260e+03
   6.9963e+03
   7.0664e+03
   7.1365e+03
   7.2065e+03
   7.2764e+03
   7.3461e+03
   7.4158e+03
   7.4853e+03
   7.5546e+03
   7.6238e+03
   7.6929e+03
   7.7617e+03
   7.8304e+03
   7.8989e+03
   7.9672e+03
   8.0353e+03
   8.1032e+03
   8.1708e+03
   8.2383e+03
   8.3055e+03
   8.3724e+03
   8.4391e+03
   8.5055e+03
   8.5717e+03
   8.6375e+03
   8.7031e+03
   8.7684e+03
   8.8334e+03
   8.8980e+03
   8.9624e+03
   9.0264e+03
   9.0901e+03
   9.1534e+03
   9.2164e+03
   9.2790e+03
   9.3412e+03
   9.4031e+03
   9.4646e+03
   9.5257e+03
   9.5864e+03
   9.6467e+03
   9.7065e+03
   9.7660e+03
   9.8250e+03
   9.8836e+03
   9.9417e+03
   9.9994e+03
   1.0057e+04
   1.0113e+04
   1.0170e+04
   1.0225e+04
   1.0281e+04
   1.0336e+04
   1.0390e+04
   1.0444e+04
   1.0497e+04
   1.0550e+04
   1.0602e+04
   1.0654e+04
   1.0705e+04
   1.0756e+04
   1.0806e+04
   1.0855e+04
   1.0904e+04
   1.0953e+04
   1.1000e+04
   1.1048e+04
   1.1094e+04
   1.1140e+04
   1.1186e+04
   1.1230e+04
   1.1275e+04
   1.1318e+04
   1.1361e+04
   1.1404e+04
   1.1445e+04
   1.1486e+04
   1.1527e+04
   1.1566e+04
   1.1606e+04
   1.1644e+04
   1.1682e+04
   1.1719e+04
   1.1755e+04
   1.1791e+04
   1.1826e+04
   1.1861e+04
   1.1894e+04
   1.1927e+04
   1.1960e+04
   1.1991e+04
   1.2022e+04
   1.2052e+04
   1.2082e+04
   1.2110e+04
   1.2138e+04
   1.2166e+04
   1.2192e+04
   1.2218e+04
   1.2243e+04
   1.2268e+04
   1.2291e+04
   1.2314e+04
   1.2336e+04
   1.2358e+04
   1.2378e+04
   1.2398e+04
   1.2417e+04
   1.2435e+04
   1.2453e+04
   1.2470e+04
   1.2486e+04
   1.2501e+04
   1.2516e+04
   1.2529e+04
   1.2542e+04
   1.2554e+04
   1.2566e+04
   1.2576e+04
   1.2586e+04
   1.2595e+04
   1.2603e+04
   1.2611e+04
   1.2617e+04
   1.2623e+04
   1.2628e+04
   1.2632e+04
   1.2635e+04
   1.2638e+04
   1.2642e+04
   1.2649e+04
  -2.4317e-03
  -4.9036e-03
  -7.4128e-03
  -9.9564e-03
  -1.2532e-02
  -1.5135e-02
  -1.7764e-02
  -2.0416e-02
  -2.3087e-02
  -2.5774e-02
  -2.8474e-02
  -3.1184e-02
  -3.3901e-02
  -3.6620e-02
  -3.9341e-02
  -4.2058e-02
  -4.4769e-02
  -4.7470e-02
  -5.0160e-02
  -5.2833e-02
  -5.5488e-02
  -5.8121e-02
  -6.0729e-02
  -6.3309e-02
  -6.5858e-02
  -6.8374e-02
  -7.0854e-02
  -7.3294e-02
  -7.5693e-02
  -7.8047e-02
  -8.0354e-02
  -8.2612e-02
  -8.4818e-02
  -8.6970e-02
  -8.9066e-02
  -9.1103e-02
  -9.3081e-02
  -9.4996e-02
  -9.6848e-02
  -9.8634e-02
  -1.0035e-01
  -1.0200e-01
  -1.0358e-01
  -1.0509e-01
  -1.0653e-01
  -1.0790e-01
  -1.0919e-01
  -1.1040e-01
  -1.1154e-01
  -1.1261e-01
  -1.1360e-01
  -1.1451e-01
  -1.1534e-01
  -1.1610e-01
  -1.1678e-01
  -1.1739e-01
  -1.1791e-01
  -1.1836e-01
  -1.1874e-01
  -1.1904e-01
  -1.1926e-01
  -1.1941e-01
  -1.1949e-01
  -1.1950e-01
  -1.1943e-01
  -1.1930e-01
  -1.1909e-01
  -1.1882e-01
  -1.1848e-01
  -1.1808e-01
  -1.1761e-01
  -1.1708e-01
  -1.1649e-01
  -1.1584e-01
  -1.1513e-01
  -1.1437e-01
  -1.1355e-01
  -1.1268e-01
  -1.1177e-01
  -1.1080e-01
  -1.0978e-01
  -1.0872e-01
  -1.0762e-01
  -1.0648e-01
  -1.0530e-01
  -1.0408e-01
  -1.0283e-01
  -1.0154e-01
  -1.0022e-01
  -9.8876e-02
  -9.7502e-02
  -9.6103e-02
  -9.4680e-02
  -9.3236e-02
  -9.1772e-02
  -9.0291e-02
  -8.8794e-02
  -8.7283e-02
  -8.5759e-02
  -8.4225e-02
  -8.2683e-02
  -8.1133e-02
  -7.9578e-02
  -7.8018e-02
  -7.6457e-02
  -7.4895e-02
  -7.3333e-02
  -7.1774e-02
  -7.0218e-02
  -6.8667e-02
  -6.7122e-02
  -6.5585e-02
  -6.4056e-02
  -6.2537e-02
  -6.1029e-02
  -5.9533e-02
  -5.8050e-02
  -5.6581e-02
  -5.5126e-02
  -5.3687e-02
  -5.2265e-02
  -5.0860e-02
  -4.9473e-02
  -4.8105e-02
  -4.6755e-02
  -4.5426e-02
  -4.4117e-02
  -4.2829e-02
  -4.1562e-02
  -4.0317e-02
  -3.9093e-02
  -3.7892e-02
  -3.6714e-02
  -3.5559e-02
  -3.4426e-02
  -3.3317e-02
  -3.2231e-02
  -3.1169e-02
  -3.0130e-02
  -2.9114e-02
  -2.8122e-02
  -2.7154e-02
  -2.6209e-02
  -2.5287e-02
  -2.4388e-02
  -2.3513e-02
  -2.2660e-02
  -2.1830e-02
  -2.1023e-02
  -2.0238e-02
  -1.9475e-02
  -1.8733e-02
  -1.8014e-02
  -1.7315e-02
  -1.6638e-02
  -1.5981e-02
  -1.5344e-02
  -1.4727e-02
  -1.4130e-02
  -1.3552e-02
  -1.2993e-02
  -1.2452e-02
  -1.1930e-02
  -1.1425e-02
  -1.0938e-02
  -1.0467e-02
  -1.0013e-02
  -9.5758e-03
  -9.1540e-03
  -8.7476e-03
  -8.3562e-03
  -7.9795e-03
  -7.6170e-03
  -7.2684e-03
  -6.9332e-03
  -6.6111e-03
  -6.3017e-03
  -6.0046e-03
  -5.7195e-03
  -5.4460e-03
  -5.1837e-03
  -4.9323e-03
  -4.6914e-03
  -4.4607e-03
  -4.2398e-03
  -4.0285e-03
  -3.8263e-03
  -3.6329e-03
  -3.4482e-03
  -3.2716e-03
  -3.1030e-03
  -2.9421e-03
  -2.7885e-03
  -2.6420e-03
  -2.5023e-03
  -2.3692e-03
  -2.2424e-03
  -2.1216e-03
  -2.0066e-03
  -1.8972e-03
  -1.7931e-03
  -1.6942e-03
  -1.6001e-03
  -1.5108e-03
  -1.4259e-03
  -1.3453e-03
  -1.2689e-03
  -1.1963e-03
  -1.1275e-03
  -1.0624e-03
  -1.0006e-03
  -9.4208e-04
  -8.8669e-04
  -8.3426e-04
  -7.8467e-04
  -7.3776e-04
  -6.9342e-04
  -6.5152e-04
  -6.1194e-04
  -5.7456e-04
  -5.3928e-04
  -5.0599e-04
  -4.7459e-04
  -4.4498e-04
  -4.1708e-04
  -3.9079e-04
  -3.6603e-04
  -3.4272e-04
  -3.2078e-04
  -3.0014e-04
  -2.8073e-04
  -2.6248e-04
  -2.4533e-04
  -2.2922e-04
  -2.1409e-04
  -1.9989e-04
  -1.8656e-04
  -1.7406e-04
  -1.6233e-04
  -1.5134e-04
  -1.4103e-04
  -1.3138e-04
  -1.2234e-04
  -1.1388e-04
  -1.0596e-04
  -9.8542e-05
  -9.1607e-05
  -8.5121e-05
  -7.9057e-05
  -7.3388e-05
  -6.8090e-05
  -6.3139e-05
  -5.8514e-05
  -5.4193e-05
  -5.0156e-05
  -4.6386e-05
  -4.2864e-05
  -3.9574e-05
  -3.6499e-05
  -3.3626e-05
  -3.0940e-05
  -2.8427e-05
  -2.6075e-05
  -2.3872e-05
  -2.1807e-05
  -1.9869e-05
  -1.8048e-05
  -1.6334e-05
  -1.4717e-05
  -1.3190e-05
  -1.1742e-05
  -1.0367e-05
  -9.0559e-06
  -7.8015e-06
  -6.5962e-06
  -5.4330e-06
  -4.3045e-06
  -3.2040e-06
  -2.1243e-06
  -1.0586e-06
   3.3014e-03
   6.6533e-03
   1.0048e-02
   1.3477e-02
   1.6932e-02
   2.0405e-02
   2.3887e-02
   2.7371e-02
   3.0847e-02
   3.4307e-02
   3.7742e-02
   4.1145e-02
   4.4506e-02
   4.7817e-02
   5.1070e-02
   5.4257e-02
   5.7370e-02
   6.0401e-02
   6.3343e-02
   6.6187e-02
   6.8927e-02
   7.1556e-02
   7.4067e-02
   7.6454e-02
   7.8711e-02
   8.0831e-02
   8.2810e-02
   8.4642e-02
   8.6323e-02
   8.7848e-02
   8.9212e-02
   9.0413e-02
   9.1448e-02
   9.2312e-02
   9.3005e-02
   9.3523e-02
   9.3865e-02
   9.4030e-02
   9.4018e-02
   9.3827e-02
   9.3458e-02
   9.2912e-02
   9.2188e-02
   9.1289e-02
   9.0216e-02
   8.8971e-02
   8.7557e-02
   8.5976e-02
   8.4231e-02
   8.2326e-02
   8.0265e-02
   7.8052e-02
   7.5691e-02
   7.3188e-02
   7.0546e-02
   6.7773e-02
   6.4872e-02
   6.1850e-02
   5.8714e-02
   5.5468e-02
   5.2120e-02
   4.8676e-02
   4.5143e-02
   4.1528e-02
   3.7837e-02
   3.4078e-02
   3.0257e-02
   2.6383e-02
   2.2461e-02
   1.8500e-02
   1.4507e-02
   1.0487e-02
   6.4501e-03
   2.4017e-03
  -1.6509e-03
  -5.7006e-03
  -9.7407e-03
  -1.3764e-02
  -1.7765e-02
  -2.1737e-02
  -2.5673e-02
  -2.9567e-02
  -3.3413e-02
  -3.7206e-02
  -4.0940e-02
  -4.4609e-02
  -4.8210e-02
  -5.1736e-02
  -5.5183e-02
  -5.8546e-02
  -6.1822e-02
  -6.5007e-02
  -6.8097e-02
  -7.1088e-02
  -7.3978e-02
  -7.6763e-02
  -7.9441e-02
  -8.2010e-02
  -8.4467e-02
  -8.6811e-02
  -8.9040e-02
  -9.1152e-02
  -9.3148e-02
  -9.5025e-02
  -9.6784e-02
  -9.8423e-02
  -9.9944e-02
  -1.0135e-01
  -1.0263e-01
  -1.0379e-01
  -1.0484e-01
  -1.0577e-01
  -1.0659e-01
  -1.0729e-01
  -1.0788e-01
  -1.0836e-01
  -1.0873e-01
  -1.0900e-01
  -1.0916e-01
  -1.0922e-01
  -1.0918e-01
  -1.0904e-01
  -1.0881e-01
  -1.0848e-01
  -1.0807e-01
  -1.0757e-01
  -1.0699e-01
  -1.0633e-01
  -1.0559e-01
  -1.0477e-01
  -1.0389e-01
  -1.0294e-01
  -1.0193e-01
  -1.0085e-01
  -9.9717e-02
  -9.8529e-02
  -9.7291e-02
  -9.6004e-02
  -9.4673e-02
  -9.3300e-02
  -9.1888e-02
  -9.0441e-02
  -8.8962e-02
  -8.7454e-02
  -8.5919e-02
  -8.4360e-02
  -8.2781e-02
  -8.1184e-02
  -7.9572e-02
  -7.7947e-02
  -7.6312e-02
  -7.4669e-02
  -7.3021e-02
  -7.1370e-02
  -6.9718e-02
  -6.8067e-02
  -6.6420e-02
  -6.4778e-02
  -6.3143e-02
  -6.1517e-02
  -5.9902e-02
  -5.8299e-02
  -5.6710e-02
  -5.5136e-02
  -5.3579e-02
  -5.2039e-02
  -5.0519e-02
  -4.9018e-02
  -4.7539e-02
  -4.6082e-02
  -4.4648e-02
  -4.3237e-02
  -4.1851e-02
  -4.0490e-02
  -3.9155e-02
  -3.7845e-02
  -3.6563e-02
  -3.5307e-02
  -3.4078e-02
  -3.2877e-02
  -3.1704e-02
  -3.0559e-02
  -2.9441e-02
  -2.8352e-02
  -2.7290e-02
  -2.6256e-02
  -2.5251e-02
  -2.4272e-02
  -2.3322e-02
  -2.2398e-02
  -2.1502e-02
  -2.0633e-02
  -1.9790e-02
  -1.8973e-02
  -1.8182e-02
  -1.7416e-02
  -1.6676e-02
  -1.5960e-02
  -1.5268e-02
  -1.4600e-02
  -1.3955e-02
  -1.3333e-02
  -1.2734e-02
  -1.2156e-02
  -1.1600e-02
  -1.1064e-02
  -1.0549e-02
  -1.0053e-02
  -9.5770e-03
  -9.1196e-03
  -8.6804e-03
  -8.2590e-03
  -7.8547e-03
  -7.4672e-03
  -7.0959e-03
  -6.7403e-03
  -6.3999e-03
  -6.0742e-03
  -5.7627e-03
  -5.4649e-03
  -5.1805e-03
  -4.9088e-03
  -4.6495e-03
  -4.4021e-03
  -4.1661e-03
  -3.9412e-03
  -3.7270e-03
  -3.5229e-03
  -3.3286e-03
  -3.1438e-03
  -2.9680e-03
  -2.8009e-03
  -2.6421e-03
  -2.4913e-03
  -2.3480e-03
  -2.2121e-03
  -2.0832e-03
  -1.9609e-03
  -1.8450e-03
  -1.7352e-03
  -1.6312e-03
  -1.5327e-03
  -1.4395e-03
  -1.3513e-03
  -1.2679e-03
  -1.1890e-03
  -1.1144e-03
  -1.0440e-03
  -9.7745e-04
  -9.1461e-04
  -8.5527e-04
  -7.9925e-04
  -7.4637e-04
  -6.9646e-04
  -6.4937e-04
  -6.0492e-04
  -5.6298e-04
  -5.2339e-04
  -4.8602e-04
  -4.5074e-04
  -4.1741e-04
  -3.8591e-04
  -3.5614e-04
  -3.2796e-04
  -3.0127e-04
  -2.7597e-04
  -2.5196e-04
  -2.2913e-04
  -2.0740e-04
  -1.8666e-04
  -1.6683e-04
  -1.4782e-04
  -1.2955e-04
  -1.1193e-04
  -9.4882e-05
  -7.8320e-05
  -6.2165e-05
  -4.6336e-05
  -3.0753e-05
  -1.5335e-05
   0.0039
   0.0078
   0.0118
   0.0158
   0.0198
   0.0238
   0.0278
   0.0318
   0.0357
   0.0396
   0.0433
   0.0470
   0.0506
   0.0541
   0.0574
   0.0606
   0.0636
   0.0664
   0.0691
   0.0716
   0.0739
   0.0759
   0.0778
   0.0794
   0.0808
   0.0820
   0.0829
   0.0835
   0.0839
   0.0841
   0.0840
   0.0836
   0.0830
   0.0821
   0.0809
   0.0795
   0.0779
   0.0760
   0.0739
   0.0716
   0.0690
   0.0662
   0.0632
   0.0600
   0.0566
   0.0531
   0.0493
   0.0454
   0.0414
   0.0373
   0.0330
   0.0286
   0.0241
   0.0196
   0.0150
   0.0103
   0.0056
   0.0009
  -0.0038
  -0.0084
  -0.0131
  -0.0177
  -0.0223
  -0.0268
  -0.0312
  -0.0356
  -0.0398
  -0.0439
  -0.0478
  -0.0517
  -0.0553
  -0.0588
  -0.0622
  -0.0653
  -0.0682
  -0.0710
  -0.0735
  -0.0759
  -0.0780
  -0.0799
  -0.0815
  -0.0829
  -0.0841
  -0.0850
  -0.0857
  -0.0862
  -0.0864
  -0.0864
  -0.0861
  -0.0857
  -0.0849
  -0.0840
  -0.0828
  -0.0814
  -0.0797
  -0.0779
  -0.0759
  -0.0736
  -0.0712
  -0.0686
  -0.0658
  -0.0628
  -0.0597
  -0.0564
  -0.0530
  -0.0495
  -0.0458
  -0.0421
  -0.0382
  -0.0342
  -0.0302
  -0.0261
  -0.0219
  -0.0177
  -0.0134
  -0.0091
  -0.0048
  -0.0005
   0.0039
   0.0082
   0.0125
   0.0168
   0.0210
   0.0252
   0.0293
   0.0334
   0.0374
   0.0414
   0.0452
   0.0490
   0.0527
   0.0563
   0.0598
   0.0631
   0.0664
   0.0695
   0.0725
   0.0754
   0.0782
   0.0808
   0.0833
   0.0857
   0.0879
   0.0900
   0.0919
   0.0937
   0.0954
   0.0969
   0.0983
   0.0996
   0.1007
   0.1017
   0.1025
   0.1032
   0.1038
   0.1043
   0.1046
   0.1049
   0.1050
   0.1049
   0.1048
   0.1046
   0.1042
   0.1038
   0.1033
   0.1026
   0.1019
   0.1011
   0.1002
   0.0993
   0.0982
   0.0971
   0.0959
   0.0947
   0.0934
   0.0921
   0.0907
   0.0892
   0.0877
   0.0862
   0.0847
   0.0831
   0.0815
   0.0798
   0.0782
   0.0765
   0.0748
   0.0731
   0.0714
   0.0697
   0.0680
   0.0663
   0.0646
   0.0629
   0.0612
   0.0595
   0.0579
   0.0562
   0.0546
   0.0529
   0.0513
   0.0497
   0.0482
   0.0466
   0.0451
   0.0436
   0.0422
   0.0407
   0.0393
   0.0379
   0.0366
   0.0353
   0.0340
   0.0327
   0.0315
   0.0303
   0.0291
   0.0280
   0.0269
   0.0258
   0.0247
   0.0237
   0.0227
   0.0218
   0.0208
   0.0199
   0.0191
   0.0182
   0.0174
   0.0166
   0.0159
   0.0151
   0.0144
   0.0138
   0.0131
   0.0125
   0.0119
   0.0113
   0.0107
   0.0102
   0.0097
   0.0092
   0.0087
   0.0083
   0.0078
   0.0074
   0.0070
   0.0066
   0.0063
   0.0059
   0.0056
   0.0052
   0.0049
   0.0047
   0.0044
   0.0041
   0.0038
   0.0036
   0.0034
   0.0032
   0.0029
   0.0027
   0.0025
   0.0024
   0.0022
   0.0020
   0.0018
   0.0017
   0.0015
   0.0014
   0.0012
   0.0011
   0.0010
   0.0008
   0.0007
   0.0006
   0.0005
   0.0004
   0.0002
   0.0001
   0.0178
   0.0356
   0.0534
   0.0712
   0.0890
   0.1068
   0.1246
   0.1423
   0.1601
   0.1779
   0.1957
   0.2135
   0.2313
   0.2491
   0.2669
   0.2847
   0.3025
   0.3203
   0.3381
   0.3559
   0.3737
   0.3915
   0.4093
   0.4270
   0.4448
   0.4626
   0.4804
   0.4982
   0.5160
   0.5338
   0.5516
   0.5694
   0.5872
   0.6050
   0.6228
   0.6406
   0.6584
   0.6762
   0.6940
   0.7117
   0.7295
   0.7473
   0.7651
   0.7829
   0.8007
   0.8185
   0.8363
   0.8541
   0.8719
   0.8897
   0.9075
   0.9253
   0.9431
   0.9609
   0.9786
   0.9964
   1.0142
   1.0320
   1.0498
   1.0676
   1.0854
   1.1032
   1.1210
   1.1388
   1.1566
   1.1744
   1.1922
   1.2100
   1.2278
   1.2456
   1.2633
   1.2811
   1.2989
   1.3167
   1.3345
   1.3523
   1.3701
   1.3879
   1.4057
   1.4235
   1.4413
   1.4591
   1.4769
   1.4947
   1.5125
   1.5302
   1.5480
   1.5658
   1.5836
   1.6014
   1.6192
   1.6370
   1.6548
   1.6726
   1.6904
   1.7082
   1.7260
   1.7438
   1.7616
   1.7794
   1.7972
   1.8149
   1.8327
   1.8505
   1.8683
   1.8861
   1.9039
   1.9217
   1.9395
   1.9573
   1.9751
   1.9929
   2.0107
   2.0285
   2.0463
   2.0641
   2.0819
   2.0996
   2.1174
   2.1352
   2.1530
   2.1708
   2.1886
   2.2064
   2.2242
   2.2420
   2.2598
   2.2776
   2.2954
   2.3132
   2.3310
   2.3488
   2.3665
   2.3843
   2.4021
   2.4199
   2.4377
   2.4555
   2.4733
   2.4911
   2.5089
   2.5267
   2.5445
   2.5623
   2.5801
   2.5979
   2.6157
   2.6335
   2.6512
   2.6690
   2.6868
   2.7046
   2.7224
   2.7402
   2.7580
   2.7758
   2.7936
   2.8114
   2.8292
   2.8470
   2.8648
   2.8826
   2.9004
   2.9181
   2.9359
   2.9537
   2.9715
   2.9893
   3.0071
   3.0249
   3.0427
   3.0605
   3.0783
   3.0961
   3.1139
   3.1317
   3.1495
   3.1673
   3.1851
   3.2028
   3.2206
   3.2384
   3.2562
   3.2740
   3.2918
   3.3096
   3.3274
   3.3452
   3.3630
   3.3808
   3.3986
   3.4164
   3.4342
   3.4520
   3.4698
   3.4875
   3.5053
   3.5231
   3.5409
   3.5587
   3.5765
   3.5943
   3.6121
   3.6299
   3.6477
   3.6655
   3.6833
   3.7011
   3.7189
   3.7367
   3.7544
   3.7722
   3.7900
   3.8078
   3.8256
   3.8434
   3.8612
   3.8790
   3.8968
   3.9146
   3.9324
   3.9502
   3.9680
   3.9858
   4.0036
   4.0214
   4.0391
   4.0569
   4.0747
   4.0925
   4.1103
   4.1281
   4.1459
   4.1637
   4.1815
   4.1993
   4.2171
   4.2349
   4.2527
   4.2705
   4.2883
   4.3060
   4.3238
   4.3416
   4.3594
   4.3772
   4.3950
   4.4128
   4.4306
   4.4484
   4.4662
   4.4840
   4.5018
   4.5196
   4.5374
   4.5552
   4.5730
   4.5907
   4.6085
   4.6263
   4.6441
   4.6619
   4.6797
   4.6975
   4.7153
   4.7331
   4.7509
   4.7687
   4.7865
   4.8043
   4.8221
   4.8399
   4.8577
   4.8754
   4.8932
   4.9110
   4.9288
   4.9466
   4.9644
   4.9822
