rho_max =7
rho_min =0
n =280
   2.2301e+00
   4.1343e+00
   6.0737e+00
   8.0364e+00
   1.0061e+01
   1.2280e+01
   1.4844e+01
   1.7816e+01
   2.1205e+01
   2.5007e+01
   2.9216e+01
   3.3830e+01
   3.8847e+01
   4.4264e+01
   5.0081e+01
   5.6296e+01
   6.2908e+01
   6.9916e+01
   7.7319e+01
   8.5116e+01
   9.3306e+01
   1.0189e+02
   1.1086e+02
   1.2022e+02
   1.2997e+02
   1.4011e+02
   1.5064e+02
   1.6154e+02
   1.7284e+02
   1.8451e+02
   1.9656e+02
   2.0899e+02
   2.2180e+02
   2.3499e+02
   2.4855e+02
   2.6248e+02
   2.7678e+02
   2.9145e+02
   3.0649e+02
   3.2189e+02
   3.3766e+02
   3.5379e+02
   3.7027e+02
   3.8712e+02
   4.0432e+02
   4.2187e+02
   4.3977e+02
   4.5802e+02
   4.7662e+02
   4.9556e+02
   5.1484e+02
   5.3446e+02
   5.5442e+02
   5.7471e+02
   5.9533e+02
   6.1629e+02
   6.3756e+02
   6.5917e+02
   6.8109e+02
   7.0333e+02
   7.2589e+02
   7.4876e+02
   7.7194e+02
   7.9543e+02
   8.1922e+02
   8.4331e+02
   8.6770e+02
   8.9238e+02
   9.1736e+02
   9.4263e+02
   9.6818e+02
   9.9401e+02
   1.0201e+03
   1.0465e+03
   1.0732e+03
   1.1001e+03
   1.1273e+03
   1.1548e+03
   1.1825e+03
   1.2105e+03
   1.2387e+03
   1.2672e+03
   1.2959e+03
   1.3248e+03
   1.3540e+03
   1.3835e+03
   1.4131e+03
   1.4430e+03
   1.4731e+03
   1.5035e+03
   1.5340e+03
   1.5648e+03
   1.5957e+03
   1.6269e+03
   1.6583e+03
   1.6899e+03
   1.7216e+03
   1.7536e+03
   1.7857e+03
   1.8180e+03
   1.8505e+03
   1.8832e+03
   1.9160e+03
   1.9490e+03
   1.9821e+03
   2.0154e+03
   2.0489e+03
   2.0825e+03
   2.1163e+03
   2.1502e+03
   2.1842e+03
   2.2183e+03
   2.2526e+03
   2.2870e+03
   2.3215e+03
   2.3562e+03
   2.3909e+03
   2.4258e+03
   2.4607e+03
   2.4958e+03
   2.5309e+03
   2.5661e+03
   2.6014e+03
   2.6368e+03
   2.6723e+03
   2.7078e+03
   2.7434e+03
   2.7790e+03
   2.8147e+03
   2.8505e+03
   2.8863e+03
   2.9222e+03
   2.9580e+03
   2.9940e+03
   3.0299e+03
   3.0659e+03
   3.1019e+03
   3.1379e+03
   3.1739e+03
   3.2100e+03
   3.2460e+03
   3.2820e+03
   3.3180e+03
   3.3540e+03
   3.3900e+03
   3.4260e+03
   3.4620e+03
   3.4979e+03
   3.5338e+03
   3.5696e+03
   3.6054e+03
   3.6412e+03
   3.6769e+03
   3.7126e+03
   3.7481e+03
   3.7837e+03
   3.8191e+03
   3.8545e+03
   3.8898e+03
   3.9250e+03
   3.9602e+03
   3.9952e+03
   4.0302e+03
   4.0650e+03
   4.0998e+03
   4.1344e+03
   4.1689e+03
   4.2033e+03
   4.2376e+03
   4.2717e+03
   4.3058e+03
   4.3397e+03
   4.3734e+03
   4.4070e+03
   4.4405e+03
   4.4738e+03
   4.5069e+03
   4.5399e+03
   4.5728e+03
   4.6054e+03
   4.6379e+03
   4.6702e+03
   4.7023e+03
   4.7343e+03
   4.7660e+03
   4.7976e+03
   4.8290e+03
   4.8602e+03
   4.8911e+03
   4.9219e+03
   4.9524e+03
   4.9828e+03
   5.0129e+03
   5.0428e+03
   5.0724e+03
   5.1018e+03
   5.1310e+03
   5.1600e+03
   5.1887e+03
   5.2172e+03
   5.2454e+03
   5.2734e+03
   5.3011e+03
   5.3286e+03
   5.3558e+03
   5.3827e+03
   5.4093e+03
   5.4357e+03
   5.4618e+03
   5.4877e+03
   5.5132e+03
   5.5385e+03
   5.5634e+03
   5.5881e+03
   5.6125e+03
   5.6366e+03
   5.6604e+03
   5.6839e+03
   5.7070e+03
   5.7299e+03
   5.7525e+03
   5.7747e+03
   5.7966e+03
   5.8182e+03
   5.8395e+03
   5.8604e+03
   5.8811e+03
   5.9014e+03
   5.9213e+03
   5.9409e+03
   5.9602e+03
   5.9791e+03
   5.9977e+03
   6.0160e+03
   6.0339e+03
   6.0514e+03
   6.0686e+03
   6.0854e+03
   6.1019e+03
   6.1180e+03
   6.1338e+03
   6.1492e+03
   6.1642e+03
   6.1789e+03
   6.1932e+03
   6.2071e+03
   6.2207e+03
   6.2338e+03
   6.2466e+03
   6.2591e+03
   6.2711e+03
   6.2828e+03
   6.2941e+03
   6.3050e+03
   6.3155e+03
   6.3256e+03
   6.3353e+03
   6.3447e+03
   6.3536e+03
   6.3622e+03
   6.3704e+03
   6.3782e+03
   6.3856e+03
   6.3925e+03
   6.3991e+03
   6.4053e+03
   6.4111e+03
   6.4165e+03
   6.4215e+03
   6.4261e+03
   6.4303e+03
   6.4341e+03
   6.4374e+03
   6.4404e+03
   6.4429e+03
   6.4449e+03
   6.4464e+03
   6.4478e+03
   6.4499e+03
   6.4532e+03
  -2.0451e-03
  -4.1383e-03
  -6.2774e-03
  -8.4599e-03
  -1.0683e-02
  -1.2945e-02
  -1.5243e-02
  -1.7574e-02
  -1.9936e-02
  -2.2325e-02
  -2.4739e-02
  -2.7176e-02
  -2.9631e-02
  -3.2103e-02
  -3.4588e-02
  -3.7083e-02
  -3.9586e-02
  -4.2093e-02
  -4.4602e-02
  -4.7108e-02
  -4.9610e-02
  -5.2104e-02
  -5.4588e-02
  -5.7058e-02
  -5.9511e-02
  -6.1945e-02
  -6.4357e-02
  -6.6743e-02
  -6.9102e-02
  -7.1429e-02
  -7.3724e-02
  -7.5982e-02
  -7.8202e-02
  -8.0381e-02
  -8.2517e-02
  -8.4606e-02
  -8.6648e-02
  -8.8640e-02
  -9.0579e-02
  -9.2465e-02
  -9.4294e-02
  -9.6065e-02
  -9.7776e-02
  -9.9426e-02
  -1.0101e-01
  -1.0254e-01
  -1.0399e-01
  -1.0539e-01
  -1.0671e-01
  -1.0796e-01
  -1.0915e-01
  -1.1026e-01
  -1.1131e-01
  -1.1228e-01
  -1.1318e-01
  -1.1401e-01
  -1.1476e-01
  -1.1544e-01
  -1.1605e-01
  -1.1659e-01
  -1.1705e-01
  -1.1744e-01
  -1.1776e-01
  -1.1801e-01
  -1.1819e-01
  -1.1830e-01
  -1.1833e-01
  -1.1830e-01
  -1.1821e-01
  -1.1804e-01
  -1.1781e-01
  -1.1751e-01
  -1.1716e-01
  -1.1674e-01
  -1.1625e-01
  -1.1571e-01
  -1.1511e-01
  -1.1446e-01
  -1.1375e-01
  -1.1299e-01
  -1.1217e-01
  -1.1131e-01
  -1.1040e-01
  -1.0944e-01
  -1.0843e-01
  -1.0739e-01
  -1.0630e-01
  -1.0517e-01
  -1.0401e-01
  -1.0281e-01
  -1.0157e-01
  -1.0031e-01
  -9.9015e-02
  -9.7692e-02
  -9.6342e-02
  -9.4969e-02
  -9.3573e-02
  -9.2156e-02
  -9.0720e-02
  -8.9267e-02
  -8.7799e-02
  -8.6317e-02
  -8.4823e-02
  -8.3320e-02
  -8.1807e-02
  -8.0287e-02
  -7.8763e-02
  -7.7234e-02
  -7.5703e-02
  -7.4171e-02
  -7.2639e-02
  -7.1110e-02
  -6.9584e-02
  -6.8062e-02
  -6.6546e-02
  -6.5037e-02
  -6.3537e-02
  -6.2046e-02
  -6.0565e-02
  -5.9096e-02
  -5.7639e-02
  -5.6195e-02
  -5.4766e-02
  -5.3352e-02
  -5.1953e-02
  -5.0571e-02
  -4.9207e-02
  -4.7860e-02
  -4.6532e-02
  -4.5224e-02
  -4.3934e-02
  -4.2665e-02
  -4.1417e-02
  -4.0189e-02
  -3.8983e-02
  -3.7799e-02
  -3.6636e-02
  -3.5496e-02
  -3.4378e-02
  -3.3282e-02
  -3.2209e-02
  -3.1159e-02
  -3.0132e-02
  -2.9128e-02
  -2.8146e-02
  -2.7187e-02
  -2.6252e-02
  -2.5338e-02
  -2.4448e-02
  -2.3580e-02
  -2.2734e-02
  -2.1911e-02
  -2.1110e-02
  -2.0330e-02
  -1.9572e-02
  -1.8835e-02
  -1.8120e-02
  -1.7425e-02
  -1.6750e-02
  -1.6096e-02
  -1.5462e-02
  -1.4847e-02
  -1.4252e-02
  -1.3676e-02
  -1.3118e-02
  -1.2578e-02
  -1.2056e-02
  -1.1552e-02
  -1.1064e-02
  -1.0594e-02
  -1.0140e-02
  -9.7017e-03
  -9.2791e-03
  -8.8718e-03
  -8.4793e-03
  -8.1013e-03
  -7.7374e-03
  -7.3873e-03
  -7.0504e-03
  -6.7266e-03
  -6.4153e-03
  -6.1163e-03
  -5.8292e-03
  -5.5535e-03
  -5.2891e-03
  -5.0355e-03
  -4.7923e-03
  -4.5593e-03
  -4.3361e-03
  -4.1224e-03
  -3.9178e-03
  -3.7221e-03
  -3.5349e-03
  -3.3560e-03
  -3.1850e-03
  -3.0217e-03
  -2.8658e-03
  -2.7169e-03
  -2.5749e-03
  -2.4395e-03
  -2.3104e-03
  -2.1873e-03
  -2.0701e-03
  -1.9585e-03
  -1.8523e-03
  -1.7513e-03
  -1.6551e-03
  -1.5638e-03
  -1.4769e-03
  -1.3944e-03
  -1.3161e-03
  -1.2417e-03
  -1.1711e-03
  -1.1042e-03
  -1.0407e-03
  -9.8055e-04
  -9.2355e-04
  -8.6957e-04
  -8.1846e-04
  -7.7008e-04
  -7.2432e-04
  -6.8105e-04
  -6.4014e-04
  -6.0148e-04
  -5.6496e-04
  -5.3047e-04
  -4.9792e-04
  -4.6720e-04
  -4.3822e-04
  -4.1090e-04
  -3.8515e-04
  -3.6089e-04
  -3.3803e-04
  -3.1651e-04
  -2.9625e-04
  -2.7719e-04
  -2.5926e-04
  -2.4241e-04
  -2.2656e-04
  -2.1167e-04
  -1.9768e-04
  -1.8455e-04
  -1.7222e-04
  -1.6064e-04
  -1.4979e-04
  -1.3960e-04
  -1.3005e-04
  -1.2110e-04
  -1.1271e-04
  -1.0484e-04
  -9.7477e-05
  -9.0576e-05
  -8.4112e-05
  -7.8059e-05
  -7.2390e-05
  -6.7081e-05
  -6.2109e-05
  -5.7452e-05
  -5.3089e-05
  -4.9001e-05
  -4.5169e-05
  -4.1574e-05
  -3.8201e-05
  -3.5033e-05
  -3.2054e-05
  -2.9252e-05
  -2.6610e-05
  -2.4117e-05
  -2.1760e-05
  -1.9526e-05
  -1.7404e-05
  -1.5382e-05
  -1.3450e-05
  -1.1597e-05
  -9.8134e-06
  -8.0882e-06
  -6.4119e-06
  -4.7746e-06
  -3.1667e-06
  -1.5784e-06
   2.8831e-03
   5.8307e-03
   8.8360e-03
   1.1892e-02
   1.4991e-02
   1.8127e-02
   2.1292e-02
   2.4478e-02
   2.7677e-02
   3.0882e-02
   3.4086e-02
   3.7279e-02
   4.0455e-02
   4.3605e-02
   4.6721e-02
   4.9796e-02
   5.2823e-02
   5.5792e-02
   5.8698e-02
   6.1532e-02
   6.4287e-02
   6.6956e-02
   6.9532e-02
   7.2009e-02
   7.4380e-02
   7.6638e-02
   7.8778e-02
   8.0795e-02
   8.2682e-02
   8.4434e-02
   8.6048e-02
   8.7518e-02
   8.8840e-02
   9.0010e-02
   9.1026e-02
   9.1883e-02
   9.2580e-02
   9.3114e-02
   9.3483e-02
   9.3686e-02
   9.3720e-02
   9.3587e-02
   9.3285e-02
   9.2814e-02
   9.2175e-02
   9.1369e-02
   9.0396e-02
   8.9258e-02
   8.7958e-02
   8.6497e-02
   8.4877e-02
   8.3103e-02
   8.1177e-02
   7.9103e-02
   7.6885e-02
   7.4527e-02
   7.2033e-02
   6.9408e-02
   6.6658e-02
   6.3787e-02
   6.0801e-02
   5.7705e-02
   5.4506e-02
   5.1210e-02
   4.7822e-02
   4.4350e-02
   4.0799e-02
   3.7176e-02
   3.3488e-02
   2.9741e-02
   2.5943e-02
   2.2100e-02
   1.8218e-02
   1.4306e-02
   1.0370e-02
   6.4153e-03
   2.4503e-03
  -1.5188e-03
  -5.4853e-03
  -9.4428e-03
  -1.3385e-02
  -1.7305e-02
  -2.1198e-02
  -2.5056e-02
  -2.8874e-02
  -3.2647e-02
  -3.6369e-02
  -4.0035e-02
  -4.3639e-02
  -4.7177e-02
  -5.0643e-02
  -5.4034e-02
  -5.7344e-02
  -6.0571e-02
  -6.3710e-02
  -6.6758e-02
  -6.9710e-02
  -7.2565e-02
  -7.5320e-02
  -7.7971e-02
  -8.0516e-02
  -8.2954e-02
  -8.5283e-02
  -8.7500e-02
  -8.9605e-02
  -9.1597e-02
  -9.3474e-02
  -9.5236e-02
  -9.6883e-02
  -9.8414e-02
  -9.9829e-02
  -1.0113e-01
  -1.0231e-01
  -1.0339e-01
  -1.0434e-01
  -1.0519e-01
  -1.0592e-01
  -1.0655e-01
  -1.0707e-01
  -1.0748e-01
  -1.0778e-01
  -1.0799e-01
  -1.0809e-01
  -1.0810e-01
  -1.0801e-01
  -1.0782e-01
  -1.0755e-01
  -1.0719e-01
  -1.0674e-01
  -1.0621e-01
  -1.0561e-01
  -1.0492e-01
  -1.0416e-01
  -1.0334e-01
  -1.0244e-01
  -1.0148e-01
  -1.0046e-01
  -9.9381e-02
  -9.8248e-02
  -9.7063e-02
  -9.5829e-02
  -9.4550e-02
  -9.3229e-02
  -9.1868e-02
  -9.0470e-02
  -8.9039e-02
  -8.7578e-02
  -8.6089e-02
  -8.4575e-02
  -8.3039e-02
  -8.1484e-02
  -7.9912e-02
  -7.8326e-02
  -7.6728e-02
  -7.5121e-02
  -7.3507e-02
  -7.1888e-02
  -7.0267e-02
  -6.8646e-02
  -6.7026e-02
  -6.5410e-02
  -6.3799e-02
  -6.2196e-02
  -6.0602e-02
  -5.9019e-02
  -5.7447e-02
  -5.5890e-02
  -5.4347e-02
  -5.2821e-02
  -5.1312e-02
  -4.9822e-02
  -4.8351e-02
  -4.6901e-02
  -4.5473e-02
  -4.4067e-02
  -4.2685e-02
  -4.1326e-02
  -3.9991e-02
  -3.8682e-02
  -3.7398e-02
  -3.6140e-02
  -3.4908e-02
  -3.3702e-02
  -3.2524e-02
  -3.1372e-02
  -3.0248e-02
  -2.9150e-02
  -2.8080e-02
  -2.7037e-02
  -2.6022e-02
  -2.5033e-02
  -2.4072e-02
  -2.3137e-02
  -2.2229e-02
  -2.1347e-02
  -2.0491e-02
  -1.9661e-02
  -1.8857e-02
  -1.8077e-02
  -1.7323e-02
  -1.6593e-02
  -1.5887e-02
  -1.5205e-02
  -1.4545e-02
  -1.3909e-02
  -1.3295e-02
  -1.2702e-02
  -1.2131e-02
  -1.1581e-02
  -1.1051e-02
  -1.0542e-02
  -1.0051e-02
  -9.5793e-03
  -9.1261e-03
  -8.6907e-03
  -8.2727e-03
  -7.8716e-03
  -7.4869e-03
  -7.1181e-03
  -6.7647e-03
  -6.4262e-03
  -6.1022e-03
  -5.7922e-03
  -5.4957e-03
  -5.2122e-03
  -4.9414e-03
  -4.6827e-03
  -4.4357e-03
  -4.2001e-03
  -3.9753e-03
  -3.7611e-03
  -3.5569e-03
  -3.3623e-03
  -3.1771e-03
  -3.0009e-03
  -2.8332e-03
  -2.6737e-03
  -2.5221e-03
  -2.3780e-03
  -2.2412e-03
  -2.1113e-03
  -1.9880e-03
  -1.8710e-03
  -1.7601e-03
  -1.6548e-03
  -1.5551e-03
  -1.4606e-03
  -1.3711e-03
  -1.2863e-03
  -1.2060e-03
  -1.1301e-03
  -1.0581e-03
  -9.9006e-04
  -9.2566e-04
  -8.6471e-04
  -8.0705e-04
  -7.5249e-04
  -7.0086e-04
  -6.5198e-04
  -6.0571e-04
  -5.6188e-04
  -5.2035e-04
  -4.8098e-04
  -4.4362e-04
  -4.0813e-04
  -3.7440e-04
  -3.4230e-04
  -3.1169e-04
  -2.8248e-04
  -2.5453e-04
  -2.2774e-04
  -2.0199e-04
  -1.7718e-04
  -1.5321e-04
  -1.2996e-04
  -1.0734e-04
  -8.5245e-05
  -6.3564e-05
  -4.2200e-05
  -2.1046e-05
   0.0035
   0.0070
   0.0106
   0.0143
   0.0179
   0.0216
   0.0254
   0.0291
   0.0328
   0.0364
   0.0400
   0.0436
   0.0470
   0.0504
   0.0537
   0.0569
   0.0600
   0.0629
   0.0657
   0.0683
   0.0707
   0.0730
   0.0750
   0.0769
   0.0786
   0.0800
   0.0813
   0.0823
   0.0831
   0.0836
   0.0839
   0.0840
   0.0838
   0.0834
   0.0827
   0.0818
   0.0807
   0.0793
   0.0777
   0.0758
   0.0737
   0.0714
   0.0689
   0.0662
   0.0632
   0.0601
   0.0568
   0.0534
   0.0497
   0.0459
   0.0420
   0.0380
   0.0338
   0.0295
   0.0252
   0.0207
   0.0163
   0.0117
   0.0071
   0.0025
  -0.0021
  -0.0067
  -0.0113
  -0.0158
  -0.0203
  -0.0248
  -0.0291
  -0.0334
  -0.0376
  -0.0417
  -0.0456
  -0.0494
  -0.0531
  -0.0566
  -0.0600
  -0.0631
  -0.0661
  -0.0689
  -0.0715
  -0.0739
  -0.0761
  -0.0781
  -0.0799
  -0.0814
  -0.0827
  -0.0838
  -0.0846
  -0.0853
  -0.0856
  -0.0858
  -0.0857
  -0.0854
  -0.0848
  -0.0840
  -0.0830
  -0.0818
  -0.0804
  -0.0788
  -0.0769
  -0.0749
  -0.0726
  -0.0702
  -0.0676
  -0.0649
  -0.0619
  -0.0588
  -0.0556
  -0.0523
  -0.0488
  -0.0452
  -0.0415
  -0.0377
  -0.0338
  -0.0298
  -0.0257
  -0.0216
  -0.0175
  -0.0133
  -0.0091
  -0.0048
  -0.0006
   0.0037
   0.0079
   0.0121
   0.0163
   0.0205
   0.0246
   0.0287
   0.0327
   0.0367
   0.0406
   0.0444
   0.0481
   0.0517
   0.0552
   0.0587
   0.0620
   0.0652
   0.0683
   0.0713
   0.0742
   0.0769
   0.0795
   0.0820
   0.0843
   0.0866
   0.0886
   0.0906
   0.0924
   0.0941
   0.0956
   0.0970
   0.0983
   0.0994
   0.1005
   0.1013
   0.1021
   0.1027
   0.1032
   0.1036
   0.1039
   0.1040
   0.1040
   0.1039
   0.1038
   0.1035
   0.1031
   0.1026
   0.1020
   0.1014
   0.1006
   0.0998
   0.0989
   0.0979
   0.0968
   0.0957
   0.0945
   0.0933
   0.0920
   0.0906
   0.0892
   0.0878
   0.0863
   0.0848
   0.0833
   0.0817
   0.0801
   0.0785
   0.0769
   0.0752
   0.0736
   0.0719
   0.0702
   0.0686
   0.0669
   0.0652
   0.0635
   0.0619
   0.0602
   0.0585
   0.0569
   0.0553
   0.0537
   0.0521
   0.0505
   0.0489
   0.0474
   0.0459
   0.0444
   0.0430
   0.0415
   0.0401
   0.0387
   0.0374
   0.0360
   0.0348
   0.0335
   0.0322
   0.0310
   0.0299
   0.0287
   0.0276
   0.0265
   0.0254
   0.0244
   0.0234
   0.0224
   0.0215
   0.0206
   0.0197
   0.0188
   0.0180
   0.0172
   0.0164
   0.0157
   0.0150
   0.0143
   0.0136
   0.0130
   0.0123
   0.0117
   0.0112
   0.0106
   0.0101
   0.0096
   0.0091
   0.0086
   0.0081
   0.0077
   0.0073
   0.0069
   0.0065
   0.0061
   0.0058
   0.0055
   0.0051
   0.0048
   0.0045
   0.0042
   0.0040
   0.0037
   0.0035
   0.0032
   0.0030
   0.0028
   0.0025
   0.0023
   0.0021
   0.0019
   0.0018
   0.0016
   0.0014
   0.0012
   0.0011
   0.0009
   0.0008
   0.0006
   0.0004
   0.0003
   0.0001
   0.0249
   0.0498
   0.0747
   0.0996
   0.1246
   0.1495
   0.1744
   0.1993
   0.2242
   0.2491
   0.2740
   0.2989
   0.3238
   0.3488
   0.3737
   0.3986
   0.4235
   0.4484
   0.4733
   0.4982
   0.5231
   0.5480
   0.5730
   0.5979
   0.6228
   0.6477
   0.6726
   0.6975
   0.7224
   0.7473
   0.7722
   0.7972
   0.8221
   0.8470
   0.8719
   0.8968
   0.9217
   0.9466
   0.9715
   0.9964
   1.0214
   1.0463
   1.0712
   1.0961
   1.1210
   1.1459
   1.1708
   1.1957
   1.2206
   1.2456
   1.2705
   1.2954
   1.3203
   1.3452
   1.3701
   1.3950
   1.4199
   1.4448
   1.4698
   1.4947
   1.5196
   1.5445
   1.5694
   1.5943
   1.6192
   1.6441
   1.6690
   1.6940
   1.7189
   1.7438
   1.7687
   1.7936
   1.8185
   1.8434
   1.8683
   1.8932
   1.9181
   1.9431
   1.9680
   1.9929
   2.0178
   2.0427
   2.0676
   2.0925
   2.1174
   2.1423
   2.1673
   2.1922
   2.2171
   2.2420
   2.2669
   2.2918
   2.3167
   2.3416
   2.3665
   2.3915
   2.4164
   2.4413
   2.4662
   2.4911
   2.5160
   2.5409
   2.5658
   2.5907
   2.6157
   2.6406
   2.6655
   2.6904
   2.7153
   2.7402
   2.7651
   2.7900
   2.8149
   2.8399
   2.8648
   2.8897
   2.9146
   2.9395
   2.9644
   2.9893
   3.0142
   3.0391
   3.0641
   3.0890
   3.1139
   3.1388
   3.1637
   3.1886
   3.2135
   3.2384
   3.2633
   3.2883
   3.3132
   3.3381
   3.3630
   3.3879
   3.4128
   3.4377
   3.4626
   3.4875
   3.5125
   3.5374
   3.5623
   3.5872
   3.6121
   3.6370
   3.6619
   3.6868
   3.7117
   3.7367
   3.7616
   3.7865
   3.8114
   3.8363
   3.8612
   3.8861
   3.9110
   3.9359
   3.9609
   3.9858
   4.0107
   4.0356
   4.0605
   4.0854
   4.1103
   4.1352
   4.1601
   4.1851
   4.2100
   4.2349
   4.2598
   4.2847
   4.3096
   4.3345
   4.3594
   4.3843
   4.4093
   4.4342
   4.4591
   4.4840
   4.5089
   4.5338
   4.5587
   4.5836
   4.6085
   4.6335
   4.6584
   4.6833
   4.7082
   4.7331
   4.7580
   4.7829
   4.8078
   4.8327
   4.8577
   4.8826
   4.9075
   4.9324
   4.9573
   4.9822
   5.0071
   5.0320
   5.0569
   5.0819
   5.1068
   5.1317
   5.1566
   5.1815
   5.2064
   5.2313
   5.2562
   5.2811
   5.3060
   5.3310
   5.3559
   5.3808
   5.4057
   5.4306
   5.4555
   5.4804
   5.5053
   5.5302
   5.5552
   5.5801
   5.6050
   5.6299
   5.6548
   5.6797
   5.7046
   5.7295
   5.7544
   5.7794
   5.8043
   5.8292
   5.8541
   5.8790
   5.9039
   5.9288
   5.9537
   5.9786
   6.0036
   6.0285
   6.0534
   6.0783
   6.1032
   6.1281
   6.1530
   6.1779
   6.2028
   6.2278
   6.2527
   6.2776
   6.3025
   6.3274
   6.3523
   6.3772
   6.4021
   6.4270
   6.4520
   6.4769
   6.5018
   6.5267
   6.5516
   6.5765
   6.6014
   6.6263
   6.6512
   6.6762
   6.7011
   6.7260
   6.7509
   6.7758
   6.8007
   6.8256
   6.8505
   6.8754
   6.9004
   6.9253
   6.9502
   6.9751
